const short map2_map[50][50] = {
{ 4, 4, 4, 4, 4, 4, 4, 4, 4, 4, 4, 4, 4, 4, 4, 4, 
4, 4, 4, 4, 4, 4, 4, 4, 4, 4, 4, 4, 4, 4, 4, 4, 
4, 4, 4, 4, 4, 4, 4, 4, 4, 4, 4, 4, 4, 4, 4, 4, 
4, 4 },
{ 4, 4, 4, 4, 4, 4, 4, 4, 4, 4, 4, 4, 4, 4, 4, 4, 
4, 4, 4, 4, 4, 4, 4, 4, 4, 4, 4, 4, 4, 4, 4, 4, 
4, 4, 4, 4, 4, 4, 4, 4, 4, 4, 4, 4, 4, 4, 4, 4, 
4, 4 },
{ 4, 4, 4, 4, 4, 4, 4, 4, 4, 4, 4, 4, 4, 4, 4, 4, 
3, 3, 4, 4, 3, 4, 4, 4, 4, 4, 4, 4, 4, 4, 4, 4, 
4, 4, 4, 4, 4, 4, 4, 4, 4, 4, 4, 4, 4, 4, 4, 4, 
4, 4 },
{ 4, 4, 4, 4, 4, 4, 4, 4, 4, 4, 3, 3, 3, 3, 3, 3, 
3, 3, 3, 3, 3, 3, 4, 4, 4, 3, 3, 3, 3, 3, 3, 4, 
4, 4, 4, 4, 4, 4, 4, 4, 4, 4, 4, 4, 4, 4, 4, 4, 
4, 4 },
{ 4, 4, 4, 4, 4, 4, 4, 2, 2, 3, 3, 3, 3, 3, 3, 3, 
3, 3, 3, 3, 3, 3, 3, 3, 3, 3, 3, 3, 3, 3, 3, 3, 
3, 3, 4, 4, 4, 4, 4, 4, 4, 4, 4, 4, 4, 4, 4, 4, 
4, 4 },
{ 4, 4, 4, 4, 4, 4, 4, 2, 2, 3, 3, 3, 3, 3, 3, 3, 
3, 3, 3, 3, 3, 3, 3, 3, 3, 3, 3, 3, 3, 2, 2, 2, 
2, 3, 3, 3, 4, 4, 4, 4, 4, 4, 4, 4, 4, 4, 4, 4, 
4, 4 },
{ 4, 4, 4, 4, 4, 4, 2, 2, 2, 2, 2, 2, 3, 3, 3, 3, 
3, 3, 3, 3, 3, 3, 2, 3, 2, 2, 3, 2, 2, 2, 2, 2, 
2, 2, 3, 3, 3, 3, 4, 4, 4, 4, 4, 4, 4, 4, 4, 4, 
4, 4 },
{ 4, 4, 4, 4, 4, 4, 2, 2, 2, 2, 2, 2, 3, 3, 3, 3, 
3, 3, 3, 2, 2, 2, 2, 2, 2, 2, 2, 2, 2, 2, 2, 2, 
2, 2, 2, 3, 3, 3, 3, 4, 4, 4, 4, 4, 4, 4, 4, 4, 
4, 4 },
{ 4, 4, 4, 4, 4, 4, 2, 2, 2, 2, 3, 3, 3, 3, 3, 3, 
1, 2, 2, 2, 2, 2, 2, 2, 2, 2, 2, 1, 1, 2, 2, 2, 
2, 2, 2, 2, 3, 3, 3, 3, 1, 4, 4, 4, 4, 4, 4, 4, 
4, 4 },
{ 4, 4, 4, 4, 4, 2, 2, 2, 2, 3, 3, 1, 3, 1, 1, 1, 
3, 1, 1, 1, 1, 1, 2, 2, 1, 1, 1, 1, 1, 2, 2, 2, 
2, 1, 1, 1, 1, 1, 1, 1, 1, 1, 4, 4, 4, 4, 4, 4, 
4, 4 },
{ 4, 4, 4, 4, 2, 2, 2, 2, 3, 1, 1, 1, 1, 1, 1, 1, 
3, 3, 3, 1, 1, 1, 1, 1, 1, 1, 1, 1, 2, 2, 2, 2, 
2, 1, 1, 1, 1, 1, 1, 1, 1, 1, 1, 4, 4, 4, 4, 4, 
4, 4 },
{ 4, 4, 4, 4, 2, 2, 2, 2, 2, 1, 1, 1, 1, 1, 1, 3, 
3, 3, 3, 3, 1, 1, 1, 1, 1, 1, 1, 1, 2, 2, 2, 2, 
2, 2, 2, 1, 1, 1, 1, 1, 1, 1, 1, 1, 4, 4, 4, 4, 
4, 4 },
{ 4, 4, 4, 4, 2, 2, 2, 2, 2, 2, 2, 1, 1, 1, 1, 3, 
3, 3, 3, 3, 3, 1, 1, 1, 1, 1, 1, 1, 1, 1, 2, 2, 
2, 2, 2, 2, 1, 1, 1, 1, 1, 1, 1, 1, 4, 4, 4, 4, 
4, 4 },
{ 4, 4, 4, 4, 2, 2, 2, 2, 2, 2, 2, 1, 1, 1, 1, 1, 
1, 3, 3, 3, 3, 3, 1, 1, 1, 1, 1, 1, 1, 1, 1, 2, 
2, 2, 2, 2, 2, 1, 1, 1, 1, 1, 1, 1, 4, 4, 4, 4, 
4, 4 },
{ 4, 4, 4, 4, 4, 4, 2, 2, 2, 2, 2, 1, 1, 1, 1, 1, 
1, 1, 1, 1, 1, 3, 1, 1, 1, 1, 1, 1, 1, 1, 1, 1, 
1, 2, 2, 2, 2, 1, 1, 1, 1, 1, 1, 1, 1, 4, 4, 4, 
4, 4 },
{ 4, 4, 4, 4, 4, 4, 2, 2, 2, 2, 2, 1, 1, 1, 1, 1, 
1, 1, 1, 1, 1, 1, 1, 1, 1, 1, 1, 1, 1, 1, 1, 1, 
1, 2, 2, 2, 2, 2, 1, 1, 1, 1, 2, 1, 1, 4, 4, 4, 
4, 4 },
{ 4, 4, 4, 4, 4, 4, 2, 2, 2, 2, 2, 2, 1, 1, 1, 1, 
1, 2, 1, 1, 1, 1, 1, 2, 2, 1, 1, 1, 1, 1, 1, 1, 
1, 2, 2, 2, 2, 1, 1, 2, 1, 1, 2, 1, 1, 1, 4, 4, 
4, 4 },
{ 4, 4, 4, 4, 4, 4, 2, 2, 2, 2, 2, 2, 2, 1, 1, 1, 
2, 2, 2, 2, 1, 2, 2, 2, 2, 2, 1, 1, 1, 1, 2, 2, 
1, 2, 2, 2, 2, 2, 2, 2, 1, 1, 1, 1, 1, 4, 4, 4, 
4, 4 },
{ 4, 4, 4, 4, 4, 2, 2, 2, 2, 1, 2, 2, 2, 2, 2, 2, 
2, 2, 2, 3, 3, 3, 3, 2, 2, 2, 1, 1, 1, 1, 2, 2, 
2, 2, 2, 2, 2, 2, 2, 1, 1, 1, 1, 1, 1, 4, 4, 4, 
4, 4 },
{ 4, 4, 4, 4, 2, 2, 2, 2, 2, 1, 2, 2, 2, 2, 2, 2, 
2, 2, 2, 3, 3, 3, 3, 2, 2, 2, 1, 1, 1, 1, 2, 2, 
2, 2, 2, 2, 2, 2, 2, 1, 1, 1, 1, 1, 4, 4, 4, 4, 
4, 4 },
{ 4, 4, 4, 4, 2, 2, 2, 2, 2, 1, 2, 2, 2, 2, 2, 2, 
2, 2, 3, 3, 2, 2, 2, 2, 2, 1, 1, 2, 2, 1, 2, 2, 
2, 2, 2, 2, 2, 2, 2, 2, 2, 1, 1, 1, 4, 4, 4, 4, 
4, 4 },
{ 4, 4, 4, 2, 2, 2, 2, 2, 2, 1, 1, 2, 2, 2, 2, 2, 
2, 2, 1, 1, 2, 1, 2, 2, 2, 2, 2, 2, 2, 2, 2, 2, 
2, 2, 2, 2, 2, 2, 2, 2, 2, 1, 1, 4, 4, 4, 4, 4, 
4, 4 },
{ 4, 4, 4, 4, 2, 2, 2, 2, 2, 2, 2, 2, 2, 2, 2, 2, 
2, 4, 4, 4, 4, 1, 1, 1, 2, 2, 1, 1, 2, 2, 2, 2, 
2, 2, 2, 2, 2, 2, 2, 2, 1, 1, 4, 4, 4, 4, 4, 4, 
4, 4 },
{ 4, 4, 4, 4, 4, 2, 2, 2, 2, 2, 2, 2, 2, 2, 2, 2, 
4, 4, 4, 4, 4, 4, 4, 4, 1, 1, 1, 1, 1, 2, 2, 2, 
2, 2, 2, 2, 2, 2, 2, 2, 1, 1, 4, 4, 4, 4, 4, 4, 
4, 4 },
{ 4, 4, 4, 4, 4, 4, 4, 2, 2, 2, 2, 2, 2, 2, 2, 2, 
4, 4, 4, 4, 4, 4, 4, 4, 4, 1, 1, 1, 1, 1, 2, 2, 
2, 2, 2, 2, 2, 2, 2, 2, 2, 1, 4, 4, 4, 4, 4, 4, 
4, 4 },
{ 4, 4, 4, 4, 4, 4, 4, 2, 2, 2, 2, 2, 2, 2, 2, 1, 
4, 4, 4, 4, 4, 4, 4, 4, 4, 1, 1, 1, 1, 1, 2, 2, 
1, 2, 1, 1, 2, 2, 2, 2, 2, 4, 4, 4, 4, 4, 4, 4, 
4, 4 },
{ 4, 4, 4, 4, 4, 4, 4, 2, 2, 2, 2, 2, 2, 2, 1, 1, 
4, 4, 4, 4, 4, 4, 4, 4, 4, 1, 1, 1, 1, 1, 1, 1, 
1, 1, 1, 2, 2, 2, 2, 2, 2, 4, 4, 1, 1, 4, 4, 4, 
4, 4 },
{ 4, 4, 4, 4, 4, 4, 4, 2, 2, 2, 2, 2, 2, 2, 2, 1, 
1, 4, 4, 4, 4, 4, 4, 4, 1, 1, 1, 1, 1, 1, 1, 1, 
1, 1, 1, 1, 1, 1, 2, 2, 2, 1, 1, 1, 1, 4, 4, 4, 
4, 4 },
{ 4, 4, 4, 4, 4, 4, 4, 2, 2, 2, 2, 2, 2, 2, 2, 1, 
1, 4, 1, 1, 4, 4, 4, 1, 1, 1, 1, 2, 1, 1, 1, 1, 
1, 1, 1, 1, 1, 1, 2, 2, 1, 1, 1, 1, 1, 4, 4, 4, 
4, 4 },
{ 4, 4, 4, 4, 4, 4, 4, 4, 2, 2, 2, 2, 2, 2, 2, 2, 
2, 1, 1, 1, 1, 1, 1, 1, 1, 1, 2, 2, 1, 1, 1, 1, 
1, 1, 3, 3, 1, 1, 2, 2, 1, 1, 1, 1, 1, 4, 4, 4, 
4, 4 },
{ 4, 4, 4, 4, 4, 4, 4, 4, 2, 2, 2, 2, 2, 2, 2, 2, 
2, 1, 1, 1, 1, 1, 1, 1, 1, 2, 2, 2, 1, 1, 1, 1, 
1, 3, 3, 3, 1, 1, 2, 2, 2, 2, 1, 1, 1, 4, 4, 4, 
4, 4 },
{ 4, 4, 4, 4, 4, 4, 4, 4, 2, 2, 2, 2, 2, 2, 2, 2, 
2, 2, 1, 1, 1, 1, 1, 1, 2, 2, 2, 2, 1, 1, 1, 1, 
1, 3, 3, 3, 3, 3, 2, 2, 2, 2, 1, 1, 1, 4, 4, 4, 
4, 4 },
{ 4, 4, 4, 4, 4, 4, 4, 4, 4, 2, 2, 2, 2, 2, 2, 2, 
2, 2, 2, 2, 2, 2, 1, 1, 2, 2, 2, 2, 1, 1, 1, 3, 
3, 3, 3, 3, 3, 2, 2, 2, 2, 2, 2, 2, 1, 4, 4, 4, 
4, 4 },
{ 4, 4, 4, 4, 4, 4, 4, 4, 4, 2, 2, 2, 2, 2, 2, 2, 
2, 2, 2, 2, 2, 2, 2, 2, 2, 2, 2, 1, 1, 1, 1, 3, 
3, 3, 3, 3, 2, 2, 2, 2, 2, 2, 2, 2, 4, 4, 4, 4, 
4, 4 },
{ 4, 4, 4, 4, 4, 4, 4, 4, 4, 2, 2, 2, 2, 2, 2, 2, 
2, 2, 2, 2, 2, 2, 2, 2, 2, 2, 1, 1, 1, 1, 1, 3, 
3, 3, 3, 2, 2, 2, 2, 2, 2, 2, 2, 2, 4, 4, 4, 4, 
4, 4 },
{ 4, 4, 4, 4, 4, 4, 4, 4, 4, 2, 2, 2, 2, 2, 2, 2, 
2, 2, 2, 2, 2, 2, 2, 2, 1, 1, 1, 1, 1, 3, 3, 3, 
3, 3, 3, 2, 2, 2, 2, 2, 2, 2, 2, 2, 4, 4, 4, 4, 
4, 4 },
{ 4, 4, 4, 4, 4, 4, 4, 4, 4, 4, 4, 2, 2, 2, 2, 2, 
2, 2, 2, 2, 2, 2, 2, 2, 1, 1, 1, 1, 3, 3, 3, 3, 
3, 3, 3, 2, 2, 2, 2, 2, 2, 2, 2, 2, 4, 4, 4, 4, 
4, 4 },
{ 4, 4, 4, 4, 4, 4, 4, 4, 4, 4, 4, 2, 2, 2, 2, 2, 
2, 3, 2, 2, 2, 2, 2, 1, 1, 1, 1, 3, 3, 3, 3, 3, 
3, 3, 2, 2, 2, 2, 2, 2, 2, 2, 1, 1, 1, 4, 4, 4, 
4, 4 },
{ 4, 4, 4, 4, 4, 4, 4, 4, 4, 4, 2, 2, 2, 2, 2, 2, 
2, 3, 3, 3, 3, 3, 3, 3, 3, 1, 3, 3, 3, 3, 3, 3, 
1, 1, 1, 2, 1, 1, 1, 1, 1, 1, 1, 1, 1, 4, 4, 4, 
4, 4 },
{ 4, 4, 4, 4, 4, 4, 4, 4, 4, 4, 4, 2, 2, 2, 2, 2, 
2, 3, 3, 3, 3, 3, 3, 3, 3, 3, 3, 3, 3, 1, 1, 1, 
1, 1, 1, 1, 1, 1, 1, 1, 1, 1, 1, 1, 4, 4, 4, 4, 
4, 4 },
{ 4, 4, 4, 4, 4, 4, 4, 4, 4, 4, 4, 2, 2, 2, 2, 2, 
2, 2, 3, 3, 3, 3, 3, 3, 3, 3, 3, 3, 3, 2, 2, 2, 
2, 2, 2, 1, 1, 1, 1, 1, 1, 1, 1, 4, 4, 4, 4, 4, 
4, 4 },
{ 4, 4, 4, 4, 4, 4, 4, 4, 4, 4, 4, 4, 2, 2, 2, 2, 
2, 2, 2, 2, 2, 3, 3, 3, 3, 3, 2, 2, 2, 2, 2, 2, 
2, 2, 1, 1, 1, 2, 2, 1, 2, 1, 4, 4, 4, 4, 4, 4, 
4, 4 },
{ 4, 4, 4, 4, 4, 4, 4, 4, 4, 4, 4, 4, 4, 2, 2, 2, 
2, 2, 2, 2, 2, 2, 2, 2, 3, 3, 2, 2, 2, 2, 2, 2, 
2, 2, 2, 2, 2, 2, 2, 2, 2, 4, 4, 4, 4, 4, 4, 4, 
4, 4 },
{ 4, 4, 4, 4, 4, 4, 4, 4, 4, 4, 4, 4, 4, 4, 2, 2, 
2, 2, 2, 2, 2, 2, 2, 2, 2, 2, 2, 2, 2, 2, 2, 2, 
2, 2, 2, 2, 2, 2, 2, 2, 4, 4, 4, 4, 4, 4, 4, 4, 
4, 4 },
{ 4, 4, 4, 4, 4, 4, 4, 4, 4, 4, 4, 4, 4, 4, 4, 4, 
4, 4, 4, 4, 4, 4, 4, 4, 2, 2, 2, 2, 2, 4, 4, 4, 
2, 2, 2, 2, 2, 2, 4, 4, 4, 4, 4, 4, 4, 4, 4, 4, 
4, 4 },
{ 4, 4, 4, 4, 4, 4, 4, 4, 4, 4, 4, 4, 4, 4, 4, 4, 
4, 4, 4, 4, 4, 4, 4, 4, 4, 4, 4, 4, 4, 4, 4, 4, 
4, 4, 4, 4, 4, 4, 4, 4, 4, 4, 4, 4, 4, 4, 4, 4, 
4, 4 },
{ 4, 4, 4, 4, 4, 4, 4, 4, 4, 4, 4, 4, 4, 4, 4, 4, 
4, 4, 4, 4, 4, 4, 4, 4, 4, 4, 4, 4, 4, 4, 4, 4, 
4, 4, 4, 4, 4, 4, 4, 4, 4, 4, 4, 4, 4, 4, 4, 4, 
4, 4 },
{ 4, 4, 4, 4, 4, 4, 4, 4, 4, 4, 4, 4, 4, 4, 4, 4, 
4, 4, 4, 4, 4, 4, 4, 4, 4, 4, 4, 4, 4, 4, 4, 4, 
4, 4, 4, 4, 4, 4, 4, 4, 4, 4, 4, 4, 4, 4, 4, 4, 
4, 4 },
{ 4, 4, 4, 4, 4, 4, 4, 4, 4, 4, 4, 4, 4, 4, 4, 4, 
4, 4, 4, 4, 4, 4, 4, 4, 4, 4, 4, 4, 4, 4, 4, 4, 
4, 4, 4, 4, 4, 4, 4, 4, 4, 4, 4, 4, 4, 4, 4, 4, 
4, 4 },
{ 4, 4, 4, 4, 4, 4, 4, 4, 4, 4, 4, 4, 4, 4, 4, 4, 
4, 4, 4, 4, 4, 4, 4, 4, 4, 4, 4, 4, 4, 4, 4, 4, 
4, 4, 4, 4, 4, 4, 4, 4, 4, 4, 4, 4, 4, 4, 4, 4, 
4, 4 }
};

const unsigned char map2_blockgfx[15360] = {
0, 0, 0, 0, 0, 0, 0, 0, 0, 0, 0, 0, 0, 0, 0, 0, 0, 0, 0, 0, 0, 0, 0, 0, 0, 0, 0, 0, 0, 0, 0, 0, 0, 0, 0, 0, 0, 0, 0, 0, 0, 0, 0, 0, 0, 0, 0, 0, 0, 0, 0, 0, 0, 0, 0, 0, 0, 0, 0, 0, 0, 0, 0, 0, 0, 0, 0, 0, 0, 0, 0, 0, 0, 0, 0, 0, 0, 0, 0, 0, 0, 0, 0, 0, 0, 0, 0, 0, 0, 0, 0, 0, 0, 0, 0, 0, 
0, 0, 0, 0, 0, 0, 0, 0, 0, 0, 0, 0, 0, 0, 0, 0, 0, 0, 0, 0, 0, 0, 0, 0, 0, 0, 0, 0, 0, 0, 0, 0, 0, 0, 0, 0, 0, 0, 0, 0, 0, 0, 0, 0, 0, 0, 0, 0, 0, 0, 0, 0, 0, 0, 0, 0, 0, 0, 0, 0, 0, 0, 0, 0, 0, 0, 0, 0, 0, 0, 0, 0, 0, 0, 0, 0, 0, 0, 0, 0, 0, 0, 0, 0, 0, 0, 0, 0, 0, 0, 0, 0, 0, 0, 0, 0, 
0, 0, 0, 0, 0, 0, 0, 0, 0, 0, 0, 0, 0, 0, 0, 0, 0, 0, 0, 0, 0, 0, 0, 0, 0, 0, 0, 0, 0, 0, 0, 0, 0, 0, 0, 0, 0, 0, 0, 0, 0, 0, 0, 0, 0, 0, 0, 0, 0, 0, 0, 0, 0, 0, 0, 0, 0, 0, 0, 0, 0, 0, 0, 0, 0, 0, 0, 0, 0, 0, 0, 0, 0, 0, 0, 0, 0, 0, 0, 0, 0, 0, 0, 0, 0, 0, 0, 0, 0, 0, 0, 0, 0, 0, 0, 0, 
0, 0, 0, 0, 0, 0, 0, 0, 0, 0, 0, 0, 0, 0, 0, 0, 0, 0, 0, 0, 0, 0, 0, 0, 0, 0, 0, 0, 0, 0, 0, 0, 0, 0, 0, 0, 0, 0, 0, 0, 0, 0, 0, 0, 0, 0, 0, 0, 0, 0, 0, 0, 0, 0, 0, 0, 0, 0, 0, 0, 0, 0, 0, 0, 0, 0, 0, 0, 0, 0, 0, 0, 0, 0, 0, 0, 0, 0, 0, 0, 0, 0, 0, 0, 0, 0, 0, 0, 0, 0, 0, 0, 0, 0, 0, 0, 
0, 0, 0, 0, 0, 0, 0, 0, 0, 0, 0, 0, 0, 0, 0, 0, 0, 0, 0, 0, 0, 0, 0, 0, 0, 0, 0, 0, 0, 0, 0, 0, 0, 0, 0, 0, 0, 0, 0, 0, 0, 0, 0, 0, 0, 0, 0, 0, 0, 0, 0, 0, 0, 0, 0, 0, 0, 0, 0, 0, 0, 0, 0, 0, 0, 0, 0, 0, 0, 0, 0, 0, 0, 0, 0, 0, 0, 0, 0, 0, 0, 0, 0, 0, 0, 0, 0, 0, 0, 0, 0, 0, 0, 0, 0, 0, 
0, 0, 0, 0, 0, 0, 0, 0, 0, 0, 0, 0, 0, 0, 0, 0, 0, 0, 0, 0, 0, 0, 0, 0, 0, 0, 0, 0, 0, 0, 0, 0, 0, 0, 0, 0, 0, 0, 0, 0, 0, 0, 0, 0, 0, 0, 0, 0, 0, 0, 0, 0, 0, 0, 0, 0, 0, 0, 0, 0, 0, 0, 0, 0, 0, 0, 0, 0, 0, 0, 0, 0, 0, 0, 0, 0, 0, 0, 0, 0, 0, 0, 0, 0, 0, 0, 0, 0, 0, 0, 0, 0, 0, 0, 0, 0, 
0, 0, 0, 0, 0, 0, 0, 0, 0, 0, 0, 0, 0, 0, 0, 0, 0, 0, 0, 0, 0, 0, 0, 0, 0, 0, 0, 0, 0, 0, 0, 0, 0, 0, 0, 0, 0, 0, 0, 0, 0, 0, 0, 0, 0, 0, 0, 0, 0, 0, 0, 0, 0, 0, 0, 0, 0, 0, 0, 0, 0, 0, 0, 0, 0, 0, 0, 0, 0, 0, 0, 0, 0, 0, 0, 0, 0, 0, 0, 0, 0, 0, 0, 0, 0, 0, 0, 0, 0, 0, 0, 0, 0, 0, 0, 0, 
0, 0, 0, 0, 0, 0, 0, 0, 0, 0, 0, 0, 0, 0, 0, 0, 0, 0, 0, 0, 0, 0, 0, 0, 0, 0, 0, 0, 0, 0, 0, 0, 0, 0, 0, 0, 0, 0, 0, 0, 0, 0, 0, 0, 0, 0, 0, 0, 0, 0, 0, 0, 0, 0, 0, 0, 0, 0, 0, 0, 0, 0, 0, 0, 0, 0, 0, 0, 0, 0, 0, 0, 0, 0, 0, 0, 0, 0, 0, 0, 0, 0, 0, 0, 0, 0, 0, 0, 0, 0, 0, 0, 0, 0, 0, 0, 
0, 0, 0, 0, 0, 0, 0, 0, 0, 0, 0, 0, 0, 0, 0, 0, 0, 0, 0, 0, 0, 0, 0, 0, 0, 0, 0, 0, 0, 0, 0, 0, 0, 0, 0, 0, 0, 0, 0, 0, 0, 0, 0, 0, 0, 0, 0, 0, 0, 0, 0, 0, 0, 0, 0, 0, 0, 0, 0, 0, 0, 0, 0, 0, 0, 0, 0, 0, 0, 0, 0, 0, 0, 0, 0, 0, 0, 0, 0, 0, 0, 0, 0, 0, 0, 0, 0, 0, 0, 0, 0, 0, 0, 0, 0, 0, 
0, 0, 0, 0, 0, 0, 0, 0, 0, 0, 0, 0, 0, 0, 0, 0, 0, 0, 0, 0, 0, 0, 0, 0, 0, 0, 0, 0, 0, 0, 0, 0, 0, 0, 0, 0, 0, 0, 0, 0, 0, 0, 0, 0, 0, 0, 0, 0, 0, 0, 0, 0, 0, 0, 0, 0, 0, 0, 0, 0, 0, 0, 0, 0, 0, 0, 0, 0, 0, 0, 0, 0, 0, 0, 0, 0, 0, 0, 0, 0, 0, 0, 0, 0, 0, 0, 0, 0, 0, 0, 0, 0, 0, 0, 0, 0, 
0, 0, 0, 0, 0, 0, 0, 0, 0, 0, 0, 0, 0, 0, 0, 0, 0, 0, 0, 0, 0, 0, 0, 0, 0, 0, 0, 0, 0, 0, 0, 0, 0, 0, 0, 0, 0, 0, 0, 0, 0, 0, 0, 0, 0, 0, 0, 0, 0, 0, 0, 0, 0, 0, 0, 0, 0, 0, 0, 0, 0, 0, 0, 0, 0, 0, 0, 0, 0, 0, 0, 0, 0, 0, 0, 0, 0, 0, 0, 0, 0, 0, 0, 0, 0, 0, 0, 0, 0, 0, 0, 0, 0, 0, 0, 0, 
0, 0, 0, 0, 0, 0, 0, 0, 0, 0, 0, 0, 0, 0, 0, 0, 0, 0, 0, 0, 0, 0, 0, 0, 0, 0, 0, 0, 0, 0, 0, 0, 0, 0, 0, 0, 0, 0, 0, 0, 0, 0, 0, 0, 0, 0, 0, 0, 0, 0, 0, 0, 0, 0, 0, 0, 0, 0, 0, 0, 0, 0, 0, 0, 0, 0, 0, 0, 0, 0, 0, 0, 0, 0, 0, 0, 0, 0, 0, 0, 0, 0, 0, 0, 0, 0, 0, 0, 0, 0, 0, 0, 0, 0, 0, 0, 
0, 0, 0, 0, 0, 0, 0, 0, 0, 0, 0, 0, 0, 0, 0, 0, 0, 0, 0, 0, 0, 0, 0, 0, 0, 0, 0, 0, 0, 0, 0, 0, 0, 0, 0, 0, 0, 0, 0, 0, 0, 0, 0, 0, 0, 0, 0, 0, 0, 0, 0, 0, 0, 0, 0, 0, 0, 0, 0, 0, 0, 0, 0, 0, 0, 0, 0, 0, 0, 0, 0, 0, 0, 0, 0, 0, 0, 0, 0, 0, 0, 0, 0, 0, 0, 0, 0, 0, 0, 0, 0, 0, 0, 0, 0, 0, 
0, 0, 0, 0, 0, 0, 0, 0, 0, 0, 0, 0, 0, 0, 0, 0, 0, 0, 0, 0, 0, 0, 0, 0, 0, 0, 0, 0, 0, 0, 0, 0, 0, 0, 0, 0, 0, 0, 0, 0, 0, 0, 0, 0, 0, 0, 0, 0, 0, 0, 0, 0, 0, 0, 0, 0, 0, 0, 0, 0, 0, 0, 0, 0, 0, 0, 0, 0, 0, 0, 0, 0, 0, 0, 0, 0, 0, 0, 0, 0, 0, 0, 0, 0, 0, 0, 0, 0, 0, 0, 0, 0, 0, 0, 0, 0, 
0, 0, 0, 0, 0, 0, 0, 0, 0, 0, 0, 0, 0, 0, 0, 0, 0, 0, 0, 0, 0, 0, 0, 0, 0, 0, 0, 0, 0, 0, 0, 0, 0, 0, 0, 0, 0, 0, 0, 0, 0, 0, 0, 0, 0, 0, 0, 0, 0, 0, 0, 0, 0, 0, 0, 0, 0, 0, 0, 0, 0, 0, 0, 0, 0, 0, 0, 0, 0, 0, 0, 0, 0, 0, 0, 0, 0, 0, 0, 0, 0, 0, 0, 0, 0, 0, 0, 0, 0, 0, 0, 0, 0, 0, 0, 0, 
0, 0, 0, 0, 0, 0, 0, 0, 0, 0, 0, 0, 0, 0, 0, 0, 0, 0, 0, 0, 0, 0, 0, 0, 0, 0, 0, 0, 0, 0, 0, 0, 0, 0, 0, 0, 0, 0, 0, 0, 0, 0, 0, 0, 0, 0, 0, 0, 0, 0, 0, 0, 0, 0, 0, 0, 0, 0, 0, 0, 0, 0, 0, 0, 0, 0, 0, 0, 0, 0, 0, 0, 0, 0, 0, 0, 0, 0, 0, 0, 0, 0, 0, 0, 0, 0, 0, 0, 0, 0, 0, 0, 0, 0, 0, 0, 
0, 0, 0, 0, 0, 0, 0, 0, 0, 0, 0, 0, 0, 0, 0, 0, 0, 0, 0, 0, 0, 0, 0, 0, 0, 0, 0, 0, 0, 0, 0, 0, 0, 0, 0, 0, 0, 0, 0, 0, 0, 0, 0, 0, 0, 0, 0, 0, 0, 0, 0, 0, 0, 0, 0, 0, 0, 0, 0, 0, 0, 0, 0, 0, 0, 0, 0, 0, 0, 0, 0, 0, 0, 0, 0, 0, 0, 0, 0, 0, 0, 0, 0, 0, 0, 0, 0, 0, 0, 0, 0, 0, 0, 0, 0, 0, 
0, 0, 0, 0, 0, 0, 0, 0, 0, 0, 0, 0, 0, 0, 0, 0, 0, 0, 0, 0, 0, 0, 0, 0, 0, 0, 0, 0, 0, 0, 0, 0, 0, 0, 0, 0, 0, 0, 0, 0, 0, 0, 0, 0, 0, 0, 0, 0, 0, 0, 0, 0, 0, 0, 0, 0, 0, 0, 0, 0, 0, 0, 0, 0, 0, 0, 0, 0, 0, 0, 0, 0, 0, 0, 0, 0, 0, 0, 0, 0, 0, 0, 0, 0, 0, 0, 0, 0, 0, 0, 0, 0, 0, 0, 0, 0, 
0, 0, 0, 0, 0, 0, 0, 0, 0, 0, 0, 0, 0, 0, 0, 0, 0, 0, 0, 0, 0, 0, 0, 0, 0, 0, 0, 0, 0, 0, 0, 0, 0, 0, 0, 0, 0, 0, 0, 0, 0, 0, 0, 0, 0, 0, 0, 0, 0, 0, 0, 0, 0, 0, 0, 0, 0, 0, 0, 0, 0, 0, 0, 0, 0, 0, 0, 0, 0, 0, 0, 0, 0, 0, 0, 0, 0, 0, 0, 0, 0, 0, 0, 0, 0, 0, 0, 0, 0, 0, 0, 0, 0, 0, 0, 0, 
0, 0, 0, 0, 0, 0, 0, 0, 0, 0, 0, 0, 0, 0, 0, 0, 0, 0, 0, 0, 0, 0, 0, 0, 0, 0, 0, 0, 0, 0, 0, 0, 0, 0, 0, 0, 0, 0, 0, 0, 0, 0, 0, 0, 0, 0, 0, 0, 0, 0, 0, 0, 0, 0, 0, 0, 0, 0, 0, 0, 0, 0, 0, 0, 0, 0, 0, 0, 0, 0, 0, 0, 0, 0, 0, 0, 0, 0, 0, 0, 0, 0, 0, 0, 0, 0, 0, 0, 0, 0, 0, 0, 0, 0, 0, 0, 
0, 0, 0, 0, 0, 0, 0, 0, 0, 0, 0, 0, 0, 0, 0, 0, 0, 0, 0, 0, 0, 0, 0, 0, 0, 0, 0, 0, 0, 0, 0, 0, 0, 0, 0, 0, 0, 0, 0, 0, 0, 0, 0, 0, 0, 0, 0, 0, 0, 0, 0, 0, 0, 0, 0, 0, 0, 0, 0, 0, 0, 0, 0, 0, 0, 0, 0, 0, 0, 0, 0, 0, 0, 0, 0, 0, 0, 0, 0, 0, 0, 0, 0, 0, 0, 0, 0, 0, 0, 0, 0, 0, 0, 0, 0, 0, 
0, 0, 0, 0, 0, 0, 0, 0, 0, 0, 0, 0, 0, 0, 0, 0, 0, 0, 0, 0, 0, 0, 0, 0, 0, 0, 0, 0, 0, 0, 0, 0, 0, 0, 0, 0, 0, 0, 0, 0, 0, 0, 0, 0, 0, 0, 0, 0, 0, 0, 0, 0, 0, 0, 0, 0, 0, 0, 0, 0, 0, 0, 0, 0, 0, 0, 0, 0, 0, 0, 0, 0, 0, 0, 0, 0, 0, 0, 0, 0, 0, 0, 0, 0, 0, 0, 0, 0, 0, 0, 0, 0, 0, 0, 0, 0, 
0, 0, 0, 0, 0, 0, 0, 0, 0, 0, 0, 0, 0, 0, 0, 0, 0, 0, 0, 0, 0, 0, 0, 0, 0, 0, 0, 0, 0, 0, 0, 0, 0, 0, 0, 0, 0, 0, 0, 0, 0, 0, 0, 0, 0, 0, 0, 0, 0, 0, 0, 0, 0, 0, 0, 0, 0, 0, 0, 0, 0, 0, 0, 0, 0, 0, 0, 0, 0, 0, 0, 0, 0, 0, 0, 0, 0, 0, 0, 0, 0, 0, 0, 0, 0, 0, 0, 0, 0, 0, 0, 0, 0, 0, 0, 0, 
0, 0, 0, 0, 0, 0, 0, 0, 0, 0, 0, 0, 0, 0, 0, 0, 0, 0, 0, 0, 0, 0, 0, 0, 0, 0, 0, 0, 0, 0, 0, 0, 0, 0, 0, 0, 0, 0, 0, 0, 0, 0, 0, 0, 0, 0, 0, 0, 0, 0, 0, 0, 0, 0, 0, 0, 0, 0, 0, 0, 0, 0, 0, 0, 0, 0, 0, 0, 0, 0, 0, 0, 0, 0, 0, 0, 0, 0, 0, 0, 0, 0, 0, 0, 0, 0, 0, 0, 0, 0, 0, 0, 0, 0, 0, 0, 
0, 0, 0, 0, 0, 0, 0, 0, 0, 0, 0, 0, 0, 0, 0, 0, 0, 0, 0, 0, 0, 0, 0, 0, 0, 0, 0, 0, 0, 0, 0, 0, 0, 0, 0, 0, 0, 0, 0, 0, 0, 0, 0, 0, 0, 0, 0, 0, 0, 0, 0, 0, 0, 0, 0, 0, 0, 0, 0, 0, 0, 0, 0, 0, 0, 0, 0, 0, 0, 0, 0, 0, 0, 0, 0, 0, 0, 0, 0, 0, 0, 0, 0, 0, 0, 0, 0, 0, 0, 0, 0, 0, 0, 0, 0, 0, 
0, 0, 0, 0, 0, 0, 0, 0, 0, 0, 0, 0, 0, 0, 0, 0, 0, 0, 0, 0, 0, 0, 0, 0, 0, 0, 0, 0, 0, 0, 0, 0, 0, 0, 0, 0, 0, 0, 0, 0, 0, 0, 0, 0, 0, 0, 0, 0, 0, 0, 0, 0, 0, 0, 0, 0, 0, 0, 0, 0, 0, 0, 0, 0, 0, 0, 0, 0, 0, 0, 0, 0, 0, 0, 0, 0, 0, 0, 0, 0, 0, 0, 0, 0, 0, 0, 0, 0, 0, 0, 0, 0, 0, 0, 0, 0, 
0, 0, 0, 0, 0, 0, 0, 0, 0, 0, 0, 0, 0, 0, 0, 0, 0, 0, 0, 0, 0, 0, 0, 0, 0, 0, 0, 0, 0, 0, 0, 0, 0, 0, 0, 0, 0, 0, 0, 0, 0, 0, 0, 0, 0, 0, 0, 0, 0, 0, 0, 0, 0, 0, 0, 0, 0, 0, 0, 0, 0, 0, 0, 0, 0, 0, 0, 0, 0, 0, 0, 0, 0, 0, 0, 0, 0, 0, 0, 0, 0, 0, 0, 0, 0, 0, 0, 0, 0, 0, 0, 0, 0, 0, 0, 0, 
0, 0, 0, 0, 0, 0, 0, 0, 0, 0, 0, 0, 0, 0, 0, 0, 0, 0, 0, 0, 0, 0, 0, 0, 0, 0, 0, 0, 0, 0, 0, 0, 0, 0, 0, 0, 0, 0, 0, 0, 0, 0, 0, 0, 0, 0, 0, 0, 0, 0, 0, 0, 0, 0, 0, 0, 0, 0, 0, 0, 0, 0, 0, 0, 0, 0, 0, 0, 0, 0, 0, 0, 0, 0, 0, 0, 0, 0, 0, 0, 0, 0, 0, 0, 0, 0, 0, 0, 0, 0, 0, 0, 0, 0, 0, 0, 
0, 0, 0, 0, 0, 0, 0, 0, 0, 0, 0, 0, 0, 0, 0, 0, 0, 0, 0, 0, 0, 0, 0, 0, 0, 0, 0, 0, 0, 0, 0, 0, 0, 0, 0, 0, 0, 0, 0, 0, 0, 0, 0, 0, 0, 0, 0, 0, 0, 0, 0, 0, 0, 0, 0, 0, 0, 0, 0, 0, 0, 0, 0, 0, 0, 0, 0, 0, 0, 0, 0, 0, 0, 0, 0, 0, 0, 0, 0, 0, 0, 0, 0, 0, 0, 0, 0, 0, 0, 0, 0, 0, 0, 0, 0, 0, 
0, 0, 0, 0, 0, 0, 0, 0, 0, 0, 0, 0, 0, 0, 0, 0, 0, 0, 0, 0, 0, 0, 0, 0, 0, 0, 0, 0, 0, 0, 0, 0, 0, 0, 0, 0, 0, 0, 0, 0, 0, 0, 0, 0, 0, 0, 0, 0, 0, 0, 0, 0, 0, 0, 0, 0, 0, 0, 0, 0, 0, 0, 0, 0, 0, 0, 0, 0, 0, 0, 0, 0, 0, 0, 0, 0, 0, 0, 0, 0, 0, 0, 0, 0, 0, 0, 0, 0, 0, 0, 0, 0, 0, 0, 0, 0, 
0, 0, 0, 0, 0, 0, 0, 0, 0, 0, 0, 0, 0, 0, 0, 0, 0, 0, 0, 0, 0, 0, 0, 0, 0, 0, 0, 0, 0, 0, 0, 0, 0, 0, 0, 0, 0, 0, 0, 0, 0, 0, 0, 0, 0, 0, 0, 0, 0, 0, 0, 0, 0, 0, 0, 0, 0, 0, 0, 0, 0, 0, 0, 0, 0, 0, 0, 0, 0, 0, 0, 0, 0, 0, 0, 0, 0, 0, 0, 0, 0, 0, 0, 0, 0, 0, 0, 0, 0, 0, 0, 0, 0, 0, 0, 0, 
0, 0, 0, 0, 0, 0, 0, 0, 0, 0, 0, 0, 0, 0, 0, 0, 0, 0, 0, 0, 0, 0, 0, 0, 0, 0, 0, 0, 0, 0, 0, 0, 0, 0, 0, 0, 0, 0, 0, 0, 0, 0, 0, 0, 0, 0, 0, 0, 0, 0, 0, 0, 0, 0, 0, 0, 0, 0, 0, 0, 0, 0, 0, 0, 0, 0, 0, 0, 0, 0, 0, 0, 0, 0, 0, 0, 0, 0, 0, 0, 0, 0, 0, 0, 0, 0, 0, 0, 0, 0, 0, 0, 0, 0, 0, 0, 
157, 130, 100, 143, 115, 82, 143, 115, 82, 153, 126, 91, 153, 126, 91, 135, 108, 74, 130, 103, 69, 138, 110, 78, 138, 110, 78, 144, 118, 86, 140, 113, 77, 135, 108, 74, 140, 113, 77, 138, 110, 78, 149, 122, 92, 153, 126, 91, 162, 137, 105, 162, 137, 105, 157, 130, 100, 157, 130, 100, 151, 125, 97, 162, 137, 105, 157, 130, 100, 143, 115, 82, 144, 118, 86, 147, 118, 90, 149, 122, 92, 151, 125, 97, 151, 125, 97, 151, 125, 97, 151, 125, 97, 157, 130, 100, 
142, 114, 86, 138, 110, 78, 138, 110, 78, 138, 110, 78, 132, 104, 69, 133, 105, 71, 123, 95, 62, 116, 89, 53, 119, 91, 56, 135, 108, 71, 129, 102, 65, 131, 104, 67, 142, 115, 79, 135, 108, 71, 133, 106, 68, 139, 111, 74, 149, 121, 86, 157, 130, 100, 153, 126, 91, 153, 126, 91, 153, 126, 91, 138, 110, 78, 146, 118, 82, 142, 115, 79, 132, 104, 69, 140, 113, 77, 149, 122, 92, 149, 122, 92, 153, 126, 91, 151, 125, 97, 143, 115, 82, 142, 114, 86, 
162, 137, 105, 143, 115, 82, 135, 107, 76, 140, 112, 81, 133, 105, 71, 116, 89, 53, 112, 85, 53, 116, 89, 53, 125, 98, 62, 135, 108, 71, 133, 106, 68, 129, 102, 65, 140, 113, 77, 142, 115, 79, 139, 111, 74, 139, 111, 74, 136, 109, 72, 146, 118, 82, 142, 115, 79, 140, 112, 81, 133, 105, 71, 133, 106, 68, 133, 106, 68, 133, 106, 68, 142, 115, 79, 144, 118, 86, 144, 118, 86, 153, 126, 91, 149, 122, 92, 157, 130, 100, 149, 122, 92, 157, 130, 100, 
151, 125, 97, 149, 122, 92, 140, 112, 81, 130, 103, 69, 128, 101, 64, 119, 91, 56, 116, 89, 53, 123, 95, 62, 128, 101, 64, 131, 104, 67, 136, 109, 72, 129, 102, 65, 133, 106, 68, 142, 115, 79, 133, 106, 68, 131, 104, 67, 136, 109, 72, 133, 106, 68, 132, 104, 69, 133, 105, 71, 127, 100, 66, 133, 105, 71, 124, 97, 59, 128, 101, 64, 133, 106, 68, 135, 108, 71, 131, 104, 67, 142, 115, 79, 146, 118, 82, 153, 126, 91, 149, 122, 92, 143, 117, 90, 
149, 122, 92, 140, 112, 81, 138, 110, 78, 138, 110, 78, 126, 99, 63, 123, 95, 62, 118, 90, 59, 121, 93, 59, 131, 104, 67, 133, 106, 68, 139, 111, 74, 140, 113, 77, 126, 99, 63, 124, 97, 59, 131, 104, 67, 126, 99, 63, 126, 99, 63, 131, 104, 67, 131, 104, 67, 126, 99, 63, 126, 99, 63, 125, 97, 65, 119, 91, 56, 122, 95, 58, 128, 101, 64, 139, 111, 74, 132, 104, 69, 133, 105, 71, 138, 110, 78, 142, 115, 79, 143, 115, 82, 137, 109, 82, 
143, 117, 90, 147, 118, 90, 143, 115, 82, 130, 101, 71, 123, 94, 66, 118, 90, 59, 121, 93, 59, 125, 97, 65, 127, 100, 66, 135, 108, 71, 125, 98, 62, 129, 101, 68, 129, 102, 65, 124, 97, 59, 129, 102, 65, 135, 108, 71, 129, 102, 65, 124, 97, 59, 125, 98, 62, 125, 98, 62, 129, 101, 68, 123, 95, 62, 119, 91, 56, 122, 95, 58, 125, 98, 62, 136, 109, 72, 135, 108, 74, 135, 107, 76, 130, 103, 69, 138, 110, 78, 131, 102, 71, 131, 105, 77, 
149, 122, 92, 147, 118, 90, 130, 101, 71, 123, 94, 66, 124, 96, 69, 120, 91, 63, 123, 95, 62, 133, 105, 73, 118, 90, 59, 121, 93, 62, 130, 102, 73, 127, 100, 66, 121, 93, 59, 133, 105, 71, 136, 109, 72, 142, 115, 79, 136, 109, 72, 119, 91, 56, 116, 89, 53, 122, 95, 58, 122, 95, 58, 125, 98, 62, 126, 99, 63, 128, 101, 64, 136, 109, 72, 140, 113, 77, 129, 101, 68, 123, 95, 62, 123, 95, 62, 129, 100, 71, 135, 107, 76, 139, 112, 85, 
137, 109, 82, 132, 103, 75, 124, 96, 69, 120, 91, 63, 123, 94, 66, 132, 103, 75, 120, 91, 63, 124, 96, 69, 125, 97, 65, 121, 93, 62, 130, 101, 71, 127, 99, 67, 118, 90, 59, 119, 91, 56, 123, 95, 62, 129, 102, 65, 128, 101, 64, 123, 95, 62, 125, 98, 62, 119, 91, 56, 116, 89, 53, 124, 97, 59, 133, 106, 68, 133, 105, 71, 140, 113, 77, 136, 109, 72, 139, 111, 74, 126, 99, 63, 123, 95, 62, 129, 100, 71, 129, 100, 71, 142, 114, 86, 
149, 122, 92, 130, 102, 73, 130, 102, 73, 123, 94, 66, 124, 96, 69, 137, 109, 82, 129, 100, 71, 118, 90, 59, 121, 93, 59, 118, 90, 59, 116, 89, 53, 133, 105, 73, 127, 100, 66, 121, 93, 59, 123, 94, 66, 118, 90, 59, 129, 101, 68, 125, 97, 65, 126, 99, 63, 124, 97, 59, 122, 95, 58, 126, 99, 63, 129, 102, 65, 133, 105, 71, 133, 105, 71, 133, 105, 71, 143, 115, 82, 140, 112, 81, 125, 97, 65, 135, 107, 76, 138, 110, 78, 139, 112, 85, 
139, 112, 85, 129, 100, 71, 129, 100, 71, 120, 91, 63, 129, 100, 71, 127, 98, 73, 136, 107, 79, 118, 90, 59, 107, 78, 45, 118, 90, 59, 127, 100, 66, 123, 95, 62, 125, 97, 65, 127, 99, 70, 129, 101, 68, 130, 103, 69, 129, 101, 68, 133, 105, 71, 123, 95, 62, 119, 91, 56, 128, 101, 64, 131, 104, 67, 128, 101, 64, 135, 108, 74, 129, 101, 68, 127, 100, 66, 135, 107, 76, 140, 112, 81, 132, 103, 75, 127, 99, 70, 135, 107, 76, 140, 112, 81, 
135, 107, 76, 127, 99, 67, 140, 112, 81, 134, 105, 78, 130, 102, 73, 125, 97, 65, 127, 99, 67, 132, 103, 75, 127, 99, 70, 127, 99, 67, 123, 95, 62, 125, 97, 65, 129, 101, 68, 123, 95, 62, 119, 91, 56, 125, 98, 62, 126, 99, 63, 122, 95, 58, 122, 95, 58, 124, 97, 59, 125, 98, 62, 131, 104, 67, 129, 102, 65, 131, 104, 67, 129, 101, 68, 121, 93, 62, 127, 99, 70, 130, 101, 71, 125, 97, 65, 125, 97, 65, 130, 101, 71, 139, 112, 85, 
137, 109, 82, 132, 103, 75, 137, 109, 82, 142, 114, 86, 136, 107, 79, 121, 93, 62, 125, 97, 65, 125, 97, 65, 138, 110, 78, 143, 115, 82, 132, 104, 69, 133, 105, 71, 130, 101, 71, 121, 93, 59, 119, 91, 56, 125, 98, 62, 133, 106, 68, 128, 101, 64, 122, 95, 58, 122, 95, 58, 122, 95, 58, 124, 97, 59, 128, 101, 64, 125, 98, 62, 121, 93, 59, 112, 85, 53, 112, 85, 53, 119, 91, 56, 118, 90, 59, 133, 105, 71, 132, 103, 75, 139, 112, 85, 
137, 109, 82, 125, 97, 65, 130, 101, 71, 129, 100, 71, 127, 99, 67, 123, 95, 62, 121, 93, 62, 119, 91, 56, 122, 95, 58, 139, 111, 74, 135, 108, 71, 149, 121, 86, 146, 118, 82, 126, 99, 63, 121, 93, 59, 129, 102, 65, 129, 102, 65, 129, 102, 65, 128, 101, 64, 129, 102, 65, 129, 102, 65, 121, 93, 59, 123, 95, 62, 118, 90, 59, 110, 81, 51, 110, 81, 51, 110, 82, 47, 110, 82, 47, 112, 85, 53, 119, 91, 56, 118, 90, 59, 130, 102, 73, 
131, 105, 77, 135, 107, 76, 133, 105, 73, 131, 102, 71, 127, 99, 67, 131, 102, 71, 121, 93, 59, 125, 98, 62, 121, 93, 59, 116, 89, 53, 131, 104, 67, 153, 126, 91, 140, 113, 77, 139, 111, 74, 139, 111, 74, 132, 104, 69, 125, 98, 62, 133, 105, 71, 133, 105, 71, 135, 108, 71, 133, 105, 71, 125, 97, 65, 115, 86, 59, 120, 91, 63, 112, 85, 53, 112, 85, 53, 112, 85, 53, 110, 82, 47, 107, 78, 45, 116, 89, 53, 116, 89, 53, 124, 96, 69, 
130, 102, 73, 124, 96, 69, 130, 102, 73, 127, 98, 73, 118, 90, 59, 127, 99, 67, 126, 99, 63, 124, 97, 59, 121, 93, 62, 130, 103, 69, 133, 105, 71, 135, 108, 71, 140, 113, 77, 142, 115, 79, 135, 108, 71, 131, 104, 67, 132, 104, 69, 142, 115, 79, 146, 118, 82, 133, 105, 73, 131, 105, 77, 138, 110, 78, 123, 94, 66, 115, 86, 59, 115, 86, 59, 118, 90, 59, 112, 85, 53, 116, 89, 53, 119, 91, 56, 121, 93, 59, 118, 90, 59, 140, 112, 81, 
131, 105, 77, 123, 95, 62, 132, 103, 75, 127, 99, 70, 123, 94, 66, 121, 93, 59, 123, 95, 62, 123, 95, 62, 123, 95, 62, 133, 105, 73, 129, 101, 68, 133, 105, 71, 138, 110, 78, 136, 109, 72, 142, 115, 79, 129, 101, 68, 133, 105, 71, 146, 118, 82, 138, 110, 78, 136, 107, 79, 124, 96, 69, 132, 103, 75, 134, 105, 78, 129, 101, 76, 123, 94, 66, 115, 86, 59, 115, 86, 59, 115, 86, 59, 120, 91, 63, 123, 95, 62, 125, 98, 62, 143, 115, 82, 
142, 115, 79, 125, 98, 62, 125, 98, 62, 125, 97, 65, 129, 101, 68, 127, 99, 67, 123, 95, 62, 121, 93, 59, 122, 95, 58, 124, 97, 59, 119, 91, 56, 125, 97, 65, 140, 113, 77, 139, 111, 74, 140, 113, 77, 138, 110, 78, 135, 107, 76, 129, 101, 68, 129, 103, 70, 137, 109, 82, 124, 96, 69, 124, 96, 69, 127, 98, 73, 124, 96, 69, 129, 101, 76, 129, 101, 76, 127, 98, 73, 115, 86, 59, 112, 85, 53, 118, 90, 59, 127, 99, 70, 151, 125, 97, 
157, 130, 100, 140, 112, 81, 130, 103, 69, 123, 95, 62, 127, 99, 67, 132, 103, 75, 127, 99, 70, 130, 103, 69, 129, 101, 68, 135, 108, 74, 133, 105, 71, 121, 93, 59, 123, 95, 62, 129, 101, 68, 133, 105, 71, 130, 103, 69, 140, 112, 81, 142, 114, 86, 132, 103, 75, 132, 103, 75, 134, 105, 78, 127, 98, 73, 129, 101, 76, 124, 96, 69, 129, 101, 76, 131, 105, 77, 120, 91, 63, 115, 86, 59, 123, 94, 66, 120, 91, 63, 123, 94, 66, 151, 125, 97, 
137, 109, 82, 133, 105, 71, 138, 110, 78, 135, 108, 74, 130, 103, 69, 133, 105, 73, 132, 103, 75, 131, 102, 71, 130, 101, 71, 127, 99, 70, 130, 102, 73, 132, 103, 75, 123, 94, 66, 125, 97, 65, 130, 102, 73, 124, 96, 69, 127, 99, 67, 133, 105, 73, 130, 102, 73, 127, 99, 70, 134, 105, 78, 138, 110, 78, 130, 101, 71, 133, 105, 73, 127, 99, 67, 129, 100, 71, 127, 99, 70, 115, 86, 59, 120, 91, 63, 124, 96, 69, 127, 99, 70, 139, 112, 85, 
137, 109, 82, 123, 94, 66, 121, 93, 62, 131, 102, 71, 125, 97, 65, 132, 103, 75, 137, 109, 82, 137, 109, 82, 137, 109, 82, 129, 101, 76, 129, 100, 71, 135, 108, 74, 129, 101, 68, 125, 97, 65, 138, 110, 78, 132, 103, 75, 121, 93, 62, 133, 105, 73, 147, 118, 90, 144, 118, 86, 136, 107, 79, 140, 112, 81, 138, 110, 78, 138, 110, 78, 132, 104, 69, 130, 102, 73, 118, 90, 59, 120, 91, 63, 120, 91, 63, 134, 105, 78, 134, 105, 78, 139, 112, 85, 
131, 105, 77, 119, 91, 56, 123, 95, 62, 125, 97, 65, 127, 99, 70, 130, 102, 73, 124, 96, 69, 123, 94, 66, 129, 101, 76, 129, 100, 71, 132, 103, 75, 130, 101, 71, 133, 105, 73, 138, 110, 78, 138, 110, 78, 138, 110, 78, 133, 105, 73, 130, 102, 73, 147, 118, 90, 131, 102, 71, 138, 110, 78, 153, 126, 91, 146, 118, 82, 135, 107, 76, 133, 105, 73, 133, 105, 73, 136, 107, 79, 134, 105, 78, 136, 107, 79, 136, 107, 79, 142, 114, 86, 143, 117, 90, 
129, 101, 76, 130, 103, 69, 135, 107, 76, 134, 105, 78, 127, 99, 70, 127, 99, 70, 129, 100, 71, 124, 96, 69, 127, 98, 73, 129, 101, 76, 136, 107, 79, 134, 105, 78, 136, 107, 79, 139, 112, 85, 147, 118, 90, 143, 115, 82, 143, 115, 82, 135, 108, 74, 129, 101, 68, 133, 105, 73, 143, 115, 82, 140, 112, 81, 133, 105, 73, 130, 103, 69, 129, 101, 68, 123, 95, 62, 135, 108, 74, 135, 107, 76, 130, 102, 73, 127, 98, 73, 134, 105, 78, 139, 112, 85, 
131, 105, 77, 134, 105, 78, 132, 103, 75, 130, 102, 73, 125, 97, 65, 127, 99, 70, 127, 98, 73, 120, 91, 63, 120, 91, 63, 123, 94, 66, 130, 102, 73, 142, 114, 86, 147, 118, 90, 147, 118, 90, 137, 109, 82, 140, 113, 77, 140, 113, 77, 140, 113, 77, 133, 105, 71, 125, 97, 65, 123, 95, 62, 132, 104, 69, 139, 111, 74, 132, 104, 69, 128, 101, 64, 121, 93, 59, 123, 94, 66, 136, 107, 79, 137, 109, 82, 134, 105, 78, 124, 96, 69, 131, 105, 77, 
137, 109, 82, 132, 103, 75, 124, 96, 69, 120, 91, 63, 118, 90, 59, 120, 91, 63, 118, 90, 59, 112, 85, 53, 120, 91, 63, 124, 96, 69, 134, 105, 78, 147, 118, 90, 147, 118, 90, 142, 114, 86, 140, 112, 81, 138, 110, 78, 146, 118, 82, 140, 113, 77, 133, 105, 71, 127, 99, 67, 129, 101, 68, 125, 98, 62, 126, 99, 63, 126, 99, 63, 129, 102, 65, 133, 106, 68, 129, 101, 68, 123, 94, 66, 130, 102, 73, 134, 105, 78, 132, 103, 75, 149, 122, 92, 
129, 101, 68, 118, 90, 59, 123, 94, 66, 115, 86, 59, 115, 86, 59, 115, 86, 59, 118, 90, 59, 118, 90, 59, 123, 95, 62, 132, 103, 75, 136, 107, 79, 137, 109, 82, 142, 114, 86, 147, 118, 90, 138, 110, 78, 138, 110, 78, 139, 111, 74, 131, 102, 71, 136, 107, 79, 147, 118, 90, 143, 115, 82, 129, 101, 68, 123, 95, 62, 135, 108, 74, 143, 115, 82, 140, 113, 77, 135, 108, 74, 140, 113, 77, 143, 115, 82, 149, 121, 86, 149, 121, 86, 144, 118, 86, 
131, 105, 77, 112, 85, 53, 120, 91, 63, 129, 101, 76, 127, 98, 73, 120, 91, 63, 118, 90, 59, 123, 95, 62, 129, 101, 68, 133, 105, 71, 131, 102, 71, 130, 102, 73, 136, 107, 79, 149, 122, 92, 151, 125, 97, 144, 118, 86, 142, 115, 79, 138, 110, 78, 143, 115, 82, 149, 122, 92, 142, 114, 86, 127, 100, 66, 121, 93, 59, 132, 104, 69, 143, 115, 82, 136, 109, 72, 131, 104, 67, 133, 105, 71, 146, 118, 82, 153, 126, 91, 140, 113, 77, 143, 115, 82, 
131, 105, 77, 118, 90, 59, 118, 90, 59, 131, 102, 71, 123, 94, 66, 115, 86, 59, 123, 94, 66, 130, 103, 69, 127, 100, 66, 126, 99, 63, 125, 98, 62, 130, 103, 69, 129, 101, 68, 149, 121, 86, 153, 126, 91, 140, 113, 77, 144, 118, 86, 157, 130, 100, 149, 122, 92, 140, 112, 81, 138, 110, 78, 142, 115, 79, 133, 106, 68, 131, 104, 67, 131, 104, 67, 139, 111, 74, 139, 111, 74, 127, 100, 66, 125, 97, 65, 129, 102, 65, 136, 109, 72, 149, 122, 92, 
132, 103, 75, 123, 95, 62, 132, 104, 69, 133, 105, 71, 121, 93, 62, 115, 86, 59, 120, 91, 63, 129, 101, 68, 125, 98, 62, 126, 99, 63, 121, 93, 59, 132, 104, 69, 136, 109, 72, 139, 111, 74, 146, 118, 82, 140, 113, 77, 138, 110, 78, 153, 126, 91, 157, 130, 100, 142, 114, 86, 136, 107, 79, 132, 104, 69, 131, 104, 67, 131, 104, 67, 122, 95, 58, 125, 98, 62, 127, 100, 66, 125, 97, 65, 121, 93, 62, 123, 95, 62, 133, 105, 73, 143, 117, 90, 
135, 107, 76, 121, 93, 62, 121, 93, 62, 123, 94, 66, 115, 86, 59, 127, 100, 66, 132, 104, 69, 123, 95, 62, 122, 95, 58, 126, 99, 63, 127, 100, 66, 133, 105, 71, 133, 106, 68, 140, 113, 77, 153, 126, 91, 149, 121, 86, 149, 121, 86, 153, 126, 91, 153, 126, 91, 149, 122, 92, 133, 105, 73, 125, 97, 65, 133, 105, 71, 135, 108, 74, 140, 112, 81, 135, 107, 76, 138, 110, 78, 143, 115, 82, 129, 101, 68, 130, 101, 71, 133, 105, 73, 144, 118, 86, 
136, 107, 79, 130, 102, 73, 130, 101, 71, 118, 90, 59, 119, 91, 56, 129, 101, 68, 129, 101, 68, 133, 106, 68, 116, 89, 53, 121, 93, 59, 126, 99, 63, 124, 97, 59, 129, 102, 65, 139, 111, 74, 153, 126, 91, 146, 118, 82, 146, 118, 82, 146, 118, 82, 142, 115, 79, 142, 115, 79, 138, 110, 78, 127, 99, 67, 121, 93, 62, 132, 103, 75, 139, 112, 85, 137, 109, 82, 132, 103, 75, 133, 105, 73, 138, 110, 78, 135, 107, 76, 129, 100, 71, 139, 112, 85, 
130, 102, 73, 125, 97, 65, 133, 105, 71, 128, 101, 64, 121, 93, 59, 121, 93, 59, 119, 91, 56, 122, 95, 58, 124, 97, 59, 116, 89, 53, 119, 91, 56, 124, 97, 59, 135, 108, 71, 129, 102, 65, 139, 111, 74, 146, 118, 82, 142, 115, 79, 140, 113, 77, 149, 121, 86, 149, 121, 86, 143, 115, 82, 140, 112, 81, 137, 109, 82, 130, 102, 73, 134, 105, 78, 127, 99, 70, 127, 99, 70, 134, 105, 78, 129, 101, 76, 124, 96, 69, 115, 86, 59, 127, 98, 73, 
162, 137, 105, 140, 112, 81, 129, 103, 70, 138, 110, 78, 133, 105, 71, 128, 103, 68, 138, 110, 78, 143, 115, 82, 140, 113, 77, 135, 108, 74, 130, 103, 69, 143, 115, 82, 144, 118, 86, 144, 118, 86, 149, 122, 92, 144, 118, 86, 153, 126, 91, 162, 137, 105, 162, 137, 105, 157, 130, 100, 157, 130, 100, 162, 137, 105, 151, 125, 97, 137, 109, 82, 143, 117, 90, 143, 117, 90, 139, 112, 85, 147, 118, 90, 134, 105, 78, 139, 112, 85, 139, 112, 85, 151, 125, 97, 
91, 117, 42, 97, 120, 47, 104, 129, 54, 126, 152, 76, 117, 145, 70, 106, 130, 56, 113, 139, 64, 105, 133, 59, 82, 110, 34, 104, 129, 54, 124, 148, 73, 98, 124, 50, 123, 145, 72, 105, 127, 54, 91, 117, 42, 97, 120, 47, 105, 127, 54, 102, 125, 51, 91, 117, 42, 85, 112, 38, 82, 110, 34, 82, 110, 34, 82, 110, 34, 91, 117, 42, 101, 123, 49, 105, 127, 54, 105, 127, 54, 105, 127, 54, 97, 120, 47, 101, 123, 49, 102, 125, 51, 101, 123, 49, 
97, 120, 47, 98, 124, 50, 101, 127, 53, 117, 145, 70, 124, 148, 73, 105, 133, 59, 117, 145, 70, 113, 139, 64, 85, 112, 38, 107, 135, 60, 129, 153, 79, 97, 120, 47, 108, 131, 57, 97, 120, 47, 97, 120, 47, 105, 127, 54, 113, 135, 62, 105, 127, 54, 91, 117, 42, 85, 112, 38, 105, 127, 54, 97, 120, 47, 91, 117, 42, 91, 117, 42, 102, 125, 51, 108, 131, 57, 105, 127, 54, 97, 120, 47, 108, 131, 57, 108, 131, 57, 108, 131, 57, 106, 130, 56, 
117, 145, 70, 113, 142, 67, 101, 127, 53, 101, 127, 53, 113, 142, 67, 98, 124, 50, 113, 139, 64, 109, 136, 61, 76, 105, 31, 101, 127, 53, 117, 145, 70, 76, 105, 31, 97, 120, 47, 97, 120, 47, 105, 127, 54, 120, 142, 70, 123, 145, 72, 110, 133, 60, 101, 123, 49, 97, 120, 47, 111, 132, 63, 101, 123, 49, 91, 117, 42, 101, 123, 49, 116, 138, 65, 120, 142, 70, 116, 138, 65, 105, 127, 54, 129, 153, 79, 124, 148, 73, 124, 148, 73, 124, 148, 73, 
113, 142, 67, 106, 130, 56, 98, 124, 50, 97, 120, 47, 113, 142, 67, 101, 127, 53, 85, 112, 38, 86, 116, 40, 98, 124, 50, 106, 130, 56, 97, 120, 47, 85, 112, 38, 101, 123, 49, 110, 133, 60, 108, 131, 57, 105, 127, 54, 116, 138, 65, 116, 138, 65, 113, 135, 62, 126, 152, 76, 110, 133, 60, 108, 131, 57, 106, 127, 58, 106, 130, 56, 105, 127, 54, 106, 130, 56, 106, 130, 56, 108, 131, 57, 124, 148, 73, 129, 153, 79, 123, 145, 72, 120, 142, 70, 
107, 135, 60, 101, 127, 53, 98, 124, 50, 98, 124, 50, 117, 145, 70, 105, 133, 59, 97, 120, 47, 98, 124, 50, 107, 135, 60, 113, 139, 64, 104, 129, 54, 91, 117, 42, 113, 135, 62, 118, 141, 68, 108, 131, 57, 108, 131, 57, 123, 145, 72, 120, 142, 70, 113, 135, 62, 116, 138, 65, 113, 135, 62, 110, 133, 60, 108, 131, 57, 108, 131, 57, 106, 130, 56, 105, 127, 54, 106, 130, 56, 106, 130, 56, 123, 145, 72, 126, 152, 76, 116, 138, 65, 116, 138, 65, 
101, 127, 53, 98, 124, 50, 101, 127, 53, 106, 130, 56, 124, 148, 73, 113, 142, 67, 106, 130, 56, 109, 136, 61, 117, 145, 70, 123, 145, 72, 113, 139, 64, 104, 129, 54, 123, 145, 72, 123, 145, 72, 108, 131, 57, 108, 131, 57, 123, 145, 72, 120, 142, 70, 105, 127, 54, 105, 127, 54, 123, 145, 72, 123, 145, 72, 120, 142, 70, 118, 141, 68, 118, 141, 68, 118, 141, 68, 118, 141, 68, 118, 141, 68, 118, 141, 68, 118, 141, 68, 106, 130, 56, 108, 131, 57, 
97, 120, 47, 98, 124, 50, 106, 130, 56, 109, 136, 61, 117, 145, 70, 109, 136, 61, 104, 129, 54, 104, 129, 54, 109, 136, 61, 113, 139, 64, 109, 136, 61, 105, 133, 59, 118, 141, 68, 123, 145, 72, 110, 133, 60, 108, 131, 57, 120, 142, 70, 116, 138, 65, 101, 123, 49, 101, 123, 49, 123, 145, 72, 123, 145, 72, 123, 145, 72, 123, 145, 72, 123, 145, 72, 124, 148, 73, 126, 152, 76, 126, 152, 76, 116, 138, 65, 113, 135, 62, 101, 123, 49, 102, 125, 51, 
91, 117, 42, 91, 121, 45, 101, 127, 53, 107, 135, 60, 109, 136, 61, 101, 127, 53, 97, 120, 47, 91, 117, 42, 97, 120, 47, 101, 127, 53, 106, 130, 56, 105, 133, 59, 113, 135, 62, 123, 145, 72, 116, 138, 65, 110, 133, 60, 118, 141, 68, 113, 135, 62, 105, 127, 54, 113, 135, 62, 108, 131, 57, 108, 131, 57, 110, 133, 60, 113, 135, 62, 116, 138, 65, 120, 142, 70, 123, 145, 72, 124, 148, 73, 110, 133, 60, 113, 135, 62, 97, 120, 47, 101, 123, 49, 
82, 110, 34, 85, 112, 38, 97, 120, 47, 101, 127, 53, 113, 142, 67, 109, 136, 61, 104, 129, 54, 101, 127, 53, 101, 127, 53, 105, 133, 59, 113, 142, 67, 117, 145, 70, 113, 135, 62, 123, 145, 72, 118, 141, 68, 113, 135, 62, 116, 138, 65, 113, 135, 62, 110, 133, 60, 123, 145, 72, 102, 125, 51, 105, 127, 54, 105, 127, 54, 108, 131, 57, 113, 135, 62, 118, 141, 68, 120, 142, 70, 123, 145, 72, 110, 133, 60, 113, 135, 62, 105, 127, 54, 105, 127, 54, 
85, 112, 38, 86, 116, 40, 91, 121, 45, 98, 124, 50, 113, 139, 64, 113, 139, 64, 113, 139, 64, 113, 139, 64, 113, 139, 64, 113, 142, 67, 117, 145, 70, 124, 148, 73, 116, 138, 65, 120, 142, 70, 108, 131, 57, 102, 125, 51, 113, 135, 62, 113, 135, 62, 108, 131, 57, 118, 141, 68, 105, 127, 54, 105, 127, 54, 106, 130, 56, 108, 131, 57, 110, 133, 60, 116, 138, 65, 118, 141, 68, 120, 142, 70, 108, 131, 57, 118, 141, 68, 113, 135, 62, 110, 133, 60, 
97, 120, 47, 91, 121, 45, 98, 124, 50, 96, 127, 51, 97, 120, 47, 101, 127, 53, 107, 135, 60, 109, 136, 61, 109, 136, 61, 107, 135, 60, 107, 135, 60, 109, 136, 61, 118, 141, 68, 113, 139, 64, 97, 120, 47, 91, 117, 42, 108, 131, 57, 110, 133, 60, 102, 125, 51, 108, 131, 57, 102, 125, 51, 102, 125, 51, 102, 125, 51, 102, 125, 51, 102, 125, 51, 105, 127, 54, 106, 130, 56, 108, 131, 57, 108, 131, 57, 123, 145, 72, 120, 142, 70, 116, 138, 65, 
99, 130, 54, 91, 121, 45, 91, 117, 42, 91, 121, 45, 86, 116, 40, 91, 121, 45, 99, 130, 54, 113, 142, 67, 126, 152, 76, 126, 152, 76, 117, 145, 70, 113, 139, 64, 98, 124, 50, 106, 130, 56, 102, 125, 51, 98, 124, 50, 113, 139, 64, 101, 127, 53, 85, 112, 38, 82, 110, 34, 113, 135, 62, 101, 127, 53, 104, 129, 54, 117, 145, 70, 129, 153, 79, 117, 145, 70, 108, 131, 57, 104, 129, 54, 116, 138, 65, 110, 133, 60, 111, 132, 63, 116, 138, 65, 
99, 130, 54, 99, 130, 54, 96, 127, 51, 94, 125, 49, 96, 127, 51, 102, 133, 57, 113, 142, 67, 126, 152, 76, 126, 152, 76, 119, 150, 74, 109, 140, 64, 102, 133, 57, 98, 124, 50, 107, 135, 60, 101, 127, 53, 91, 117, 42, 97, 120, 47, 85, 112, 38, 76, 105, 31, 82, 110, 34, 91, 117, 42, 91, 117, 42, 98, 124, 50, 113, 139, 64, 124, 148, 73, 124, 148, 73, 118, 141, 68, 109, 136, 61, 111, 132, 63, 114, 135, 66, 116, 137, 68, 114, 135, 66, 
96, 127, 51, 102, 133, 57, 96, 127, 51, 91, 121, 45, 91, 121, 45, 102, 133, 57, 117, 145, 70, 119, 150, 74, 113, 142, 67, 102, 133, 57, 99, 130, 54, 94, 125, 49, 104, 129, 54, 113, 142, 67, 106, 130, 56, 91, 121, 45, 91, 121, 45, 85, 112, 38, 85, 112, 38, 104, 129, 54, 91, 117, 42, 98, 124, 50, 106, 130, 56, 109, 136, 61, 113, 139, 64, 117, 145, 70, 113, 142, 67, 109, 136, 61, 98, 119, 50, 114, 135, 66, 120, 142, 70, 114, 135, 66, 
99, 130, 54, 96, 127, 51, 91, 121, 45, 86, 116, 40, 82, 110, 34, 94, 125, 49, 109, 140, 64, 113, 142, 67, 107, 135, 60, 99, 130, 54, 102, 133, 57, 107, 135, 60, 113, 139, 64, 123, 145, 72, 113, 139, 64, 104, 129, 54, 109, 136, 61, 109, 136, 61, 109, 136, 61, 126, 152, 76, 109, 136, 61, 117, 145, 70, 118, 141, 68, 104, 129, 54, 98, 124, 50, 101, 127, 53, 101, 127, 53, 97, 120, 47, 82, 110, 34, 106, 127, 58, 120, 142, 70, 116, 137, 68, 
102, 133, 57, 94, 125, 49, 91, 121, 45, 86, 116, 40, 86, 116, 40, 99, 130, 54, 109, 140, 64, 113, 142, 67, 107, 135, 60, 102, 133, 57, 113, 142, 67, 119, 150, 74, 117, 145, 70, 124, 148, 73, 113, 139, 64, 109, 136, 61, 126, 152, 76, 126, 152, 76, 121, 148, 67, 126, 152, 76, 124, 148, 73, 124, 148, 73, 109, 136, 61, 91, 121, 45, 82, 110, 34, 82, 110, 34, 85, 112, 38, 85, 112, 38, 76, 105, 31, 97, 120, 47, 110, 133, 60, 114, 135, 66, 
109, 136, 61, 99, 130, 54, 99, 130, 54, 99, 130, 54, 91, 121, 45, 102, 133, 57, 109, 140, 64, 109, 140, 64, 102, 133, 57, 99, 130, 54, 107, 135, 60, 117, 145, 70, 124, 148, 73, 126, 152, 76, 113, 139, 64, 109, 136, 61, 126, 152, 76, 124, 148, 73, 109, 136, 61, 113, 139, 64, 118, 144, 65, 106, 133, 54, 91, 121, 45, 91, 117, 42, 85, 112, 38, 82, 110, 34, 82, 110, 34, 91, 117, 42, 85, 112, 38, 97, 120, 47, 105, 127, 54, 110, 133, 60, 
107, 135, 60, 109, 136, 61, 109, 136, 61, 109, 140, 64, 86, 116, 40, 96, 127, 51, 109, 136, 61, 109, 140, 64, 107, 135, 60, 102, 133, 57, 102, 133, 57, 107, 135, 60, 117, 145, 70, 126, 152, 76, 117, 144, 61, 111, 137, 57, 121, 148, 67, 118, 144, 65, 111, 137, 57, 118, 144, 65, 121, 148, 67, 101, 129, 46, 91, 117, 42, 105, 130, 49, 105, 130, 49, 89, 117, 34, 82, 110, 27, 91, 117, 42, 97, 120, 47, 102, 125, 51, 105, 127, 54, 108, 131, 57, 
102, 133, 57, 109, 140, 64, 109, 140, 64, 109, 140, 64, 86, 116, 40, 96, 127, 51, 113, 142, 67, 119, 150, 74, 119, 150, 74, 113, 142, 67, 109, 140, 64, 109, 136, 61, 118, 144, 65, 126, 152, 76, 124, 148, 73, 117, 144, 61, 121, 148, 67, 118, 144, 65, 121, 148, 67, 138, 165, 86, 138, 165, 86, 111, 137, 57, 106, 133, 54, 124, 148, 73, 124, 148, 73, 91, 117, 42, 75, 104, 23, 86, 114, 31, 105, 127, 54, 105, 127, 54, 110, 133, 60, 110, 133, 60, 
109, 140, 64, 102, 133, 57, 105, 133, 59, 102, 133, 57, 91, 121, 45, 94, 125, 49, 99, 130, 54, 96, 127, 51, 94, 125, 49, 91, 121, 45, 94, 125, 49, 94, 125, 49, 107, 135, 60, 111, 137, 57, 98, 125, 42, 126, 152, 76, 106, 133, 54, 121, 148, 67, 111, 137, 57, 126, 152, 76, 124, 148, 73, 111, 137, 57, 106, 133, 54, 114, 140, 59, 114, 140, 59, 105, 130, 49, 91, 121, 45, 91, 117, 42, 110, 133, 60, 102, 125, 51, 101, 123, 49, 108, 131, 57, 
107, 135, 60, 96, 127, 51, 99, 130, 54, 96, 127, 51, 105, 133, 59, 109, 140, 64, 113, 142, 67, 117, 145, 70, 117, 145, 70, 113, 142, 67, 117, 145, 70, 117, 145, 70, 114, 140, 59, 113, 139, 64, 98, 124, 50, 118, 144, 65, 98, 125, 42, 106, 133, 54, 91, 121, 45, 106, 133, 54, 114, 140, 59, 106, 133, 54, 111, 137, 57, 118, 144, 65, 118, 144, 65, 111, 137, 57, 105, 130, 49, 104, 129, 54, 124, 148, 73, 116, 138, 65, 113, 135, 62, 118, 144, 65, 
96, 127, 51, 94, 125, 49, 102, 133, 57, 105, 133, 59, 94, 125, 49, 96, 127, 51, 102, 133, 57, 102, 133, 57, 102, 133, 57, 102, 133, 57, 105, 133, 59, 107, 135, 60, 104, 129, 54, 101, 129, 46, 93, 120, 37, 105, 130, 49, 89, 117, 34, 93, 120, 37, 82, 110, 27, 89, 117, 34, 109, 135, 53, 106, 133, 54, 111, 137, 57, 118, 144, 65, 121, 148, 67, 114, 140, 59, 109, 135, 53, 109, 135, 53, 124, 148, 73, 118, 144, 65, 118, 144, 65, 123, 145, 72, 
82, 110, 34, 82, 110, 34, 94, 125, 49, 99, 130, 54, 75, 104, 23, 76, 105, 31, 76, 105, 31, 76, 105, 31, 75, 104, 23, 68, 99, 24, 68, 99, 24, 68, 99, 24, 89, 117, 34, 89, 117, 34, 86, 114, 31, 93, 120, 37, 89, 117, 34, 93, 120, 37, 89, 117, 34, 89, 117, 34, 111, 137, 57, 105, 133, 49, 105, 130, 49, 109, 135, 53, 114, 140, 59, 114, 140, 59, 109, 135, 53, 101, 129, 46, 111, 137, 57, 108, 131, 52, 111, 137, 57, 118, 144, 65, 
68, 99, 24, 68, 99, 24, 82, 110, 34, 85, 112, 38, 76, 105, 31, 76, 105, 31, 82, 110, 34, 76, 105, 31, 76, 105, 31, 68, 99, 24, 68, 99, 24, 68, 99, 24, 82, 110, 27, 82, 110, 27, 82, 110, 27, 86, 114, 31, 98, 125, 42, 98, 125, 42, 98, 125, 42, 93, 120, 37, 108, 135, 51, 98, 125, 42, 86, 114, 31, 89, 117, 34, 108, 135, 51, 117, 144, 61, 111, 137, 57, 98, 125, 42, 105, 130, 49, 101, 123, 49, 105, 130, 49, 111, 137, 57, 
68, 99, 24, 76, 105, 31, 91, 121, 45, 86, 116, 40, 86, 116, 40, 91, 121, 45, 91, 121, 45, 94, 125, 49, 91, 121, 45, 91, 121, 45, 91, 121, 45, 94, 125, 49, 75, 104, 23, 75, 104, 23, 82, 110, 27, 71, 99, 15, 93, 120, 37, 86, 114, 31, 89, 117, 34, 75, 104, 23, 89, 117, 34, 82, 110, 27, 75, 104, 23, 82, 110, 27, 105, 133, 49, 121, 148, 67, 118, 144, 65, 105, 133, 49, 108, 131, 52, 105, 130, 49, 108, 131, 52, 111, 137, 57, 
86, 116, 40, 96, 127, 51, 109, 140, 64, 102, 133, 57, 91, 121, 45, 94, 125, 49, 94, 125, 49, 96, 127, 51, 94, 125, 49, 91, 121, 45, 94, 125, 49, 94, 125, 49, 86, 114, 31, 82, 110, 27, 93, 120, 37, 71, 99, 15, 98, 125, 42, 86, 114, 31, 89, 117, 34, 71, 99, 15, 75, 104, 23, 82, 110, 27, 86, 114, 31, 93, 120, 37, 105, 133, 49, 121, 148, 67, 121, 148, 67, 111, 137, 57, 108, 131, 52, 105, 130, 49, 105, 130, 49, 108, 131, 52, 
91, 121, 45, 99, 130, 54, 107, 135, 60, 91, 121, 45, 91, 121, 45, 91, 121, 45, 94, 125, 49, 91, 121, 45, 86, 116, 40, 85, 112, 38, 82, 110, 34, 85, 112, 38, 106, 133, 54, 101, 129, 46, 114, 140, 59, 89, 117, 34, 117, 144, 61, 101, 129, 46, 108, 135, 51, 82, 110, 27, 71, 99, 15, 89, 117, 34, 105, 133, 49, 108, 135, 51, 108, 135, 51, 117, 144, 61, 117, 144, 61, 111, 137, 57, 98, 125, 42, 98, 125, 42, 98, 125, 42, 105, 130, 49, 
86, 116, 40, 85, 112, 38, 85, 112, 38, 91, 121, 45, 91, 121, 45, 96, 127, 51, 102, 133, 57, 94, 125, 49, 82, 110, 34, 75, 104, 23, 76, 105, 31, 82, 110, 34, 89, 117, 34, 82, 110, 27, 75, 104, 23, 75, 104, 23, 82, 110, 27, 89, 117, 34, 93, 120, 37, 89, 117, 34, 71, 99, 15, 75, 104, 23, 93, 120, 37, 101, 129, 46, 108, 135, 51, 108, 135, 51, 111, 137, 57, 111, 137, 57, 105, 130, 49, 93, 120, 37, 105, 130, 49, 93, 120, 37, 
86, 116, 40, 85, 112, 38, 91, 121, 45, 105, 133, 59, 85, 112, 38, 86, 116, 40, 86, 116, 40, 91, 121, 45, 91, 121, 45, 91, 117, 42, 86, 116, 40, 86, 116, 40, 105, 133, 49, 98, 125, 42, 93, 120, 37, 86, 114, 31, 89, 117, 34, 98, 125, 42, 101, 129, 46, 101, 129, 46, 114, 140, 59, 117, 144, 61, 117, 144, 61, 114, 140, 59, 111, 137, 57, 109, 135, 53, 108, 135, 51, 108, 135, 51, 98, 125, 42, 89, 117, 34, 105, 133, 49, 101, 129, 46, 
76, 105, 31, 76, 105, 31, 91, 121, 45, 109, 140, 64, 109, 140, 64, 102, 133, 57, 99, 130, 54, 102, 133, 57, 107, 135, 60, 107, 135, 60, 96, 127, 51, 86, 116, 40, 99, 130, 54, 101, 129, 46, 93, 120, 37, 89, 117, 34, 86, 114, 31, 89, 117, 34, 98, 125, 42, 105, 133, 49, 98, 125, 42, 98, 125, 42, 93, 120, 37, 86, 114, 31, 82, 110, 27, 82, 110, 27, 89, 117, 34, 93, 120, 37, 105, 130, 49, 98, 125, 42, 117, 144, 61, 117, 144, 61, 
68, 99, 24, 68, 99, 24, 86, 116, 40, 105, 133, 59, 105, 133, 59, 96, 127, 51, 91, 121, 45, 91, 121, 45, 94, 125, 49, 91, 121, 45, 82, 110, 34, 68, 99, 24, 86, 114, 31, 86, 114, 31, 89, 117, 34, 89, 117, 34, 86, 114, 31, 82, 110, 27, 86, 114, 31, 98, 125, 42, 98, 125, 42, 101, 129, 46, 101, 129, 46, 93, 120, 37, 82, 110, 27, 86, 114, 31, 105, 130, 49, 121, 148, 67, 93, 120, 37, 86, 114, 31, 105, 133, 49, 101, 129, 46, 
68, 99, 24, 68, 99, 24, 76, 105, 31, 99, 130, 54, 91, 121, 45, 94, 125, 49, 94, 125, 49, 91, 121, 45, 91, 117, 42, 86, 116, 40, 86, 116, 40, 86, 116, 40, 82, 110, 27, 82, 110, 27, 89, 117, 34, 101, 129, 46, 98, 125, 42, 86, 114, 31, 89, 117, 34, 98, 125, 42, 117, 144, 61, 121, 148, 67, 121, 148, 67, 108, 131, 52, 93, 120, 37, 89, 117, 34, 108, 135, 51, 126, 152, 76, 108, 135, 51, 93, 120, 37, 101, 129, 46, 101, 129, 46, 
138, 133, 119, 121, 118, 110, 114, 110, 99, 117, 114, 107, 141, 137, 124, 141, 138, 129, 134, 130, 121, 100, 97, 90, 77, 74, 66, 100, 97, 90, 117, 114, 107, 111, 109, 102, 138, 133, 119, 109, 106, 98, 124, 121, 113, 141, 137, 124, 170, 166, 153, 163, 159, 148, 170, 166, 153, 154, 149, 134, 129, 126, 116, 163, 159, 148, 145, 141, 131, 136, 133, 126, 141, 138, 129, 145, 139, 124, 134, 129, 112, 163, 159, 148, 145, 141, 131, 122, 117, 103, 145, 141, 131, 129, 126, 116, 
163, 159, 148, 145, 141, 131, 124, 121, 113, 102, 99, 93, 111, 109, 102, 124, 121, 113, 124, 121, 113, 102, 99, 93, 77, 74, 66, 96, 92, 81, 102, 99, 93, 100, 97, 90, 104, 100, 86, 104, 100, 86, 100, 96, 85, 122, 117, 103, 141, 137, 124, 145, 139, 124, 154, 149, 134, 183, 179, 167, 154, 149, 134, 138, 133, 119, 145, 141, 131, 134, 130, 121, 134, 130, 121, 141, 137, 124, 141, 137, 124, 113, 108, 93, 150, 145, 130, 154, 149, 134, 158, 154, 144, 150, 146, 137, 
163, 159, 148, 150, 146, 137, 124, 121, 113, 114, 110, 99, 129, 126, 116, 134, 130, 121, 124, 121, 113, 124, 121, 113, 111, 109, 102, 124, 121, 113, 96, 92, 81, 92, 89, 79, 106, 102, 91, 114, 110, 99, 106, 102, 91, 110, 105, 93, 113, 108, 93, 145, 139, 124, 150, 145, 130, 134, 130, 121, 141, 138, 129, 114, 110, 99, 121, 118, 110, 150, 145, 130, 126, 121, 108, 100, 96, 85, 126, 121, 108, 141, 137, 124, 145, 139, 124, 154, 149, 134, 163, 159, 148, 170, 166, 153, 
145, 141, 131, 117, 113, 102, 122, 117, 103, 134, 130, 121, 141, 138, 129, 129, 126, 116, 92, 89, 84, 92, 89, 84, 121, 118, 110, 136, 133, 126, 134, 130, 121, 117, 113, 102, 132, 129, 118, 141, 138, 129, 122, 117, 103, 92, 89, 79, 106, 102, 91, 134, 129, 112, 150, 146, 137, 155, 151, 139, 117, 113, 102, 100, 96, 85, 100, 96, 85, 117, 113, 102, 122, 117, 103, 100, 96, 85, 84, 82, 76, 124, 121, 113, 183, 179, 167, 155, 151, 139, 132, 129, 118, 129, 126, 116, 
145, 141, 131, 121, 118, 110, 114, 110, 99, 122, 117, 103, 114, 110, 99, 121, 118, 110, 96, 93, 87, 96, 93, 87, 114, 111, 104, 92, 89, 84, 100, 97, 90, 114, 110, 99, 110, 105, 93, 145, 139, 124, 114, 110, 99, 96, 92, 81, 96, 92, 81, 121, 118, 110, 141, 137, 124, 122, 117, 103, 126, 121, 108, 114, 110, 99, 92, 89, 79, 100, 97, 90, 122, 117, 103, 141, 137, 124, 155, 151, 139, 150, 146, 137, 170, 166, 153, 124, 121, 113, 129, 126, 116, 124, 121, 113, 
150, 146, 137, 134, 130, 121, 114, 111, 104, 121, 118, 110, 132, 129, 118, 136, 133, 126, 114, 111, 104, 96, 93, 87, 105, 103, 96, 117, 114, 107, 77, 74, 66, 96, 92, 81, 129, 126, 116, 110, 105, 93, 125, 120, 104, 138, 133, 119, 117, 113, 102, 124, 121, 113, 126, 121, 108, 114, 110, 99, 109, 106, 98, 113, 108, 93, 100, 96, 85, 111, 109, 102, 109, 106, 98, 117, 113, 102, 138, 133, 119, 150, 146, 137, 170, 166, 153, 145, 141, 131, 118, 113, 97, 134, 130, 121, 
150, 145, 130, 134, 129, 112, 117, 113, 102, 121, 118, 110, 117, 114, 107, 100, 97, 90, 92, 89, 79, 111, 109, 102, 109, 106, 98, 124, 121, 113, 105, 103, 96, 83, 80, 70, 114, 110, 99, 130, 125, 109, 141, 137, 124, 155, 151, 139, 130, 125, 109, 106, 102, 91, 104, 100, 86, 121, 118, 110, 102, 99, 93, 89, 86, 77, 92, 89, 79, 92, 89, 79, 106, 102, 91, 114, 110, 99, 117, 113, 102, 141, 137, 124, 163, 159, 148, 170, 166, 153, 155, 151, 139, 158, 154, 144, 
141, 137, 124, 183, 179, 167, 132, 129, 118, 124, 121, 113, 100, 97, 90, 96, 93, 87, 89, 86, 77, 96, 93, 87, 111, 109, 102, 117, 114, 107, 136, 133, 126, 117, 113, 102, 124, 121, 113, 141, 138, 129, 134, 130, 121, 163, 159, 148, 158, 154, 144, 136, 133, 126, 158, 154, 144, 124, 121, 113, 92, 89, 84, 114, 111, 104, 121, 118, 110, 100, 97, 90, 141, 138, 129, 134, 130, 121, 132, 129, 118, 129, 126, 116, 121, 118, 110, 163, 159, 148, 170, 166, 153, 155, 151, 139, 
122, 117, 103, 129, 126, 116, 141, 137, 124, 110, 105, 93, 106, 102, 91, 100, 97, 90, 84, 82, 76, 84, 82, 76, 111, 109, 102, 129, 126, 116, 121, 118, 110, 106, 102, 91, 114, 110, 99, 121, 118, 110, 136, 133, 126, 145, 141, 131, 138, 133, 119, 121, 118, 110, 124, 121, 113, 106, 102, 91, 89, 86, 77, 92, 89, 84, 105, 103, 96, 89, 86, 77, 80, 78, 73, 102, 99, 93, 141, 138, 129, 129, 126, 116, 110, 105, 93, 118, 113, 97, 138, 133, 119, 138, 133, 119, 
125, 120, 104, 104, 100, 86, 100, 96, 85, 110, 105, 93, 106, 102, 91, 83, 80, 70, 106, 102, 91, 80, 78, 73, 102, 99, 93, 136, 133, 126, 150, 146, 137, 134, 130, 121, 129, 126, 116, 141, 138, 129, 155, 151, 139, 158, 154, 144, 145, 139, 124, 122, 117, 103, 77, 74, 66, 63, 61, 55, 70, 67, 60, 92, 89, 79, 111, 109, 102, 124, 121, 113, 111, 109, 102, 84, 82, 76, 114, 111, 104, 121, 118, 110, 136, 133, 126, 110, 105, 93, 110, 105, 93, 113, 108, 93, 
122, 117, 103, 132, 129, 118, 114, 110, 99, 114, 110, 99, 106, 102, 91, 92, 89, 79, 96, 93, 87, 89, 86, 77, 102, 99, 93, 121, 118, 110, 134, 130, 121, 163, 159, 148, 150, 145, 130, 150, 145, 130, 150, 146, 137, 124, 121, 113, 132, 129, 118, 132, 129, 118, 109, 106, 98, 105, 103, 96, 96, 92, 81, 92, 89, 79, 117, 114, 107, 111, 109, 102, 114, 111, 104, 102, 99, 93, 92, 89, 84, 96, 93, 87, 114, 111, 104, 117, 114, 107, 114, 110, 99, 100, 97, 90, 
105, 103, 96, 110, 105, 93, 106, 102, 91, 104, 100, 86, 96, 92, 81, 92, 89, 79, 63, 61, 55, 77, 74, 66, 92, 89, 79, 106, 102, 91, 114, 110, 99, 113, 108, 93, 134, 129, 112, 155, 151, 139, 129, 126, 116, 118, 113, 97, 118, 113, 97, 130, 125, 109, 124, 121, 113, 145, 141, 131, 124, 121, 113, 80, 78, 73, 83, 80, 70, 92, 89, 84, 105, 103, 96, 70, 67, 60, 53, 51, 47, 80, 78, 73, 111, 109, 102, 121, 118, 110, 89, 86, 77, 89, 86, 77, 
92, 89, 79, 106, 102, 91, 92, 89, 79, 88, 84, 72, 96, 92, 81, 110, 105, 93, 96, 93, 87, 77, 74, 66, 83, 80, 70, 100, 96, 85, 110, 105, 93, 110, 105, 93, 113, 108, 93, 125, 120, 104, 113, 108, 93, 118, 113, 97, 118, 113, 97, 134, 129, 112, 154, 149, 134, 106, 102, 91, 92, 89, 79, 105, 103, 96, 132, 129, 118, 77, 74, 66, 63, 61, 55, 53, 51, 47, 77, 74, 66, 77, 74, 66, 84, 82, 76, 109, 106, 98, 114, 111, 104, 89, 86, 77, 
88, 84, 72, 100, 96, 85, 109, 106, 98, 125, 120, 104, 104, 100, 86, 100, 96, 85, 96, 93, 87, 111, 109, 102, 121, 118, 110, 104, 100, 86, 118, 113, 97, 134, 129, 112, 113, 108, 93, 122, 117, 103, 125, 120, 104, 134, 129, 112, 122, 117, 103, 154, 149, 134, 183, 179, 167, 154, 149, 134, 134, 130, 121, 134, 130, 121, 121, 118, 110, 105, 103, 96, 80, 78, 73, 63, 61, 55, 63, 61, 55, 70, 67, 60, 80, 78, 73, 89, 86, 77, 92, 89, 84, 77, 74, 66, 
105, 103, 96, 114, 110, 99, 145, 141, 131, 129, 126, 116, 109, 106, 98, 96, 92, 81, 83, 80, 70, 83, 80, 70, 83, 80, 70, 96, 92, 81, 104, 100, 86, 113, 108, 93, 104, 100, 86, 118, 113, 97, 138, 133, 119, 145, 139, 124, 118, 113, 97, 130, 125, 109, 141, 137, 124, 158, 154, 144, 158, 154, 144, 129, 126, 116, 102, 99, 93, 96, 93, 87, 80, 78, 73, 80, 78, 73, 80, 78, 73, 63, 61, 55, 53, 51, 47, 77, 74, 66, 84, 82, 76, 84, 82, 76, 
117, 114, 107, 124, 121, 113, 114, 110, 99, 96, 93, 87, 117, 114, 107, 100, 97, 90, 83, 80, 70, 63, 61, 55, 84, 82, 76, 105, 103, 96, 96, 93, 87, 104, 100, 86, 118, 113, 97, 125, 120, 104, 145, 139, 124, 134, 129, 112, 122, 117, 103, 138, 133, 119, 150, 146, 137, 163, 159, 148, 96, 93, 87, 106, 102, 91, 100, 97, 90, 111, 109, 102, 96, 93, 87, 96, 93, 87, 80, 78, 73, 77, 74, 66, 80, 78, 73, 92, 89, 79, 109, 106, 98, 121, 118, 110, 
136, 133, 126, 136, 133, 126, 136, 133, 126, 145, 141, 131, 136, 133, 126, 114, 111, 104, 111, 109, 102, 117, 114, 107, 117, 114, 107, 132, 129, 118, 117, 114, 107, 117, 114, 107, 145, 141, 131, 155, 151, 139, 145, 139, 124, 122, 117, 103, 122, 117, 103, 138, 133, 119, 160, 155, 140, 145, 141, 131, 100, 97, 90, 92, 89, 79, 129, 126, 116, 121, 118, 110, 105, 103, 96, 92, 89, 84, 80, 78, 73, 80, 78, 73, 92, 89, 84, 105, 103, 96, 114, 111, 104, 132, 129, 118, 
141, 137, 124, 141, 137, 124, 132, 129, 118, 114, 111, 104, 114, 111, 104, 150, 146, 137, 129, 126, 116, 124, 121, 113, 134, 130, 121, 158, 154, 144, 163, 159, 148, 111, 109, 102, 111, 109, 102, 136, 133, 126, 155, 151, 139, 141, 137, 124, 134, 129, 112, 134, 129, 112, 125, 120, 104, 126, 121, 108, 130, 125, 109, 92, 89, 79, 92, 89, 84, 100, 97, 90, 100, 97, 90, 77, 74, 66, 84, 82, 76, 117, 114, 107, 136, 133, 126, 100, 97, 90, 70, 67, 60, 110, 105, 93, 
96, 93, 87, 117, 114, 107, 114, 110, 99, 100, 97, 90, 111, 109, 102, 163, 159, 148, 158, 154, 144, 117, 113, 102, 92, 89, 79, 121, 118, 110, 163, 159, 148, 141, 137, 124, 121, 118, 110, 124, 121, 113, 109, 106, 98, 83, 80, 70, 77, 74, 66, 104, 100, 86, 125, 120, 104, 130, 125, 109, 138, 133, 119, 124, 121, 113, 121, 118, 110, 109, 106, 98, 89, 86, 77, 70, 67, 60, 84, 82, 76, 105, 103, 96, 114, 111, 104, 129, 126, 116, 96, 92, 81, 80, 78, 73, 
117, 114, 107, 105, 103, 96, 80, 78, 73, 114, 111, 104, 124, 121, 113, 158, 154, 144, 121, 118, 110, 106, 102, 91, 109, 106, 98, 117, 114, 107, 132, 129, 118, 121, 118, 110, 114, 110, 99, 96, 93, 87, 83, 80, 70, 70, 67, 60, 53, 51, 47, 96, 92, 81, 130, 125, 109, 145, 139, 124, 138, 133, 119, 132, 129, 118, 121, 118, 110, 124, 121, 113, 114, 111, 104, 105, 103, 96, 117, 114, 107, 117, 114, 107, 96, 93, 87, 96, 93, 87, 106, 102, 91, 100, 96, 85, 
96, 92, 81, 96, 92, 81, 92, 89, 84, 96, 93, 87, 117, 114, 107, 117, 114, 107, 92, 89, 84, 109, 106, 98, 121, 118, 110, 121, 118, 110, 124, 121, 113, 89, 86, 77, 70, 67, 60, 77, 74, 66, 83, 80, 70, 88, 84, 72, 83, 80, 70, 70, 67, 60, 88, 84, 72, 92, 89, 79, 83, 80, 70, 88, 84, 72, 100, 96, 85, 129, 126, 116, 121, 118, 110, 92, 89, 79, 110, 105, 93, 114, 110, 99, 106, 102, 91, 83, 80, 70, 117, 113, 102, 110, 105, 93, 
114, 110, 99, 109, 106, 98, 105, 103, 96, 129, 126, 116, 111, 109, 102, 105, 103, 96, 117, 114, 107, 124, 121, 113, 117, 114, 107, 124, 121, 113, 100, 96, 85, 96, 92, 81, 96, 92, 81, 113, 108, 93, 126, 121, 108, 118, 113, 97, 96, 92, 81, 88, 84, 72, 77, 74, 66, 77, 74, 66, 83, 80, 70, 88, 84, 72, 100, 96, 85, 129, 126, 116, 129, 126, 116, 100, 96, 85, 114, 110, 99, 130, 125, 109, 122, 117, 103, 92, 89, 79, 100, 96, 85, 105, 103, 96, 
114, 111, 104, 109, 106, 98, 96, 93, 87, 141, 138, 129, 121, 118, 110, 114, 111, 104, 92, 89, 84, 111, 109, 102, 111, 109, 102, 100, 97, 90, 117, 114, 107, 134, 130, 121, 132, 129, 118, 122, 117, 103, 125, 120, 104, 130, 125, 109, 130, 125, 109, 134, 129, 112, 110, 105, 93, 89, 86, 77, 96, 92, 81, 100, 97, 90, 109, 106, 98, 114, 110, 99, 134, 130, 121, 110, 105, 93, 106, 102, 91, 121, 118, 110, 145, 141, 131, 132, 129, 118, 89, 86, 77, 77, 74, 66, 
111, 109, 102, 163, 159, 148, 136, 133, 126, 100, 97, 90, 100, 97, 90, 96, 93, 87, 109, 106, 98, 92, 89, 84, 92, 89, 84, 102, 99, 93, 136, 133, 126, 145, 141, 131, 132, 129, 118, 138, 133, 119, 129, 126, 116, 134, 129, 112, 130, 125, 109, 150, 146, 137, 141, 137, 124, 106, 102, 91, 100, 96, 85, 109, 106, 98, 124, 121, 113, 117, 113, 102, 129, 126, 116, 126, 121, 108, 129, 126, 116, 117, 113, 102, 134, 130, 121, 150, 145, 130, 96, 92, 81, 96, 92, 81, 
105, 103, 96, 109, 106, 98, 129, 126, 116, 84, 82, 76, 63, 61, 55, 117, 114, 107, 111, 109, 102, 80, 78, 73, 92, 89, 84, 109, 106, 98, 92, 89, 79, 110, 105, 93, 130, 125, 109, 126, 121, 108, 118, 113, 97, 122, 117, 103, 100, 96, 85, 104, 100, 86, 130, 125, 109, 163, 159, 148, 130, 125, 109, 109, 106, 98, 124, 121, 113, 104, 100, 86, 106, 102, 91, 113, 108, 93, 126, 121, 108, 138, 133, 119, 155, 151, 139, 134, 129, 112, 141, 138, 129, 132, 129, 118, 
70, 67, 60, 70, 67, 60, 105, 103, 96, 100, 97, 90, 84, 82, 76, 102, 99, 93, 96, 93, 87, 84, 82, 76, 80, 78, 73, 84, 82, 76, 77, 74, 66, 70, 67, 60, 113, 108, 93, 150, 145, 130, 154, 149, 134, 141, 137, 124, 141, 137, 124, 132, 129, 118, 145, 141, 131, 132, 129, 118, 117, 113, 102, 100, 96, 85, 89, 86, 77, 113, 108, 93, 114, 110, 99, 113, 108, 93, 114, 110, 99, 121, 118, 110, 141, 137, 124, 160, 155, 140, 145, 139, 124, 118, 113, 97, 
106, 102, 91, 102, 99, 93, 100, 97, 90, 111, 109, 102, 111, 109, 102, 111, 109, 102, 92, 89, 84, 96, 93, 87, 109, 106, 98, 117, 114, 107, 145, 141, 131, 106, 102, 91, 117, 113, 102, 170, 166, 153, 160, 155, 140, 130, 125, 109, 130, 125, 109, 150, 145, 130, 145, 141, 131, 141, 137, 124, 122, 117, 103, 106, 102, 91, 117, 114, 107, 145, 141, 131, 150, 145, 130, 145, 139, 124, 134, 129, 112, 100, 96, 85, 110, 105, 93, 130, 125, 109, 122, 117, 103, 104, 100, 86, 
89, 86, 77, 92, 89, 79, 104, 100, 86, 102, 99, 93, 96, 93, 87, 111, 109, 102, 114, 111, 104, 117, 114, 107, 96, 93, 87, 105, 103, 96, 132, 129, 118, 114, 111, 104, 114, 110, 99, 141, 137, 124, 163, 159, 148, 163, 159, 148, 138, 133, 119, 125, 120, 104, 145, 139, 124, 138, 133, 119, 124, 121, 113, 105, 103, 96, 121, 118, 110, 158, 154, 144, 170, 166, 153, 134, 129, 112, 138, 133, 119, 141, 137, 124, 104, 100, 86, 96, 92, 81, 113, 108, 93, 114, 110, 99, 
83, 80, 70, 70, 67, 60, 70, 67, 60, 83, 80, 70, 84, 82, 76, 102, 99, 93, 109, 106, 98, 96, 93, 87, 89, 86, 77, 96, 93, 87, 102, 99, 93, 96, 93, 87, 113, 108, 93, 155, 151, 139, 170, 166, 153, 154, 149, 134, 130, 125, 109, 138, 133, 119, 154, 149, 134, 158, 154, 144, 114, 111, 104, 96, 93, 87, 100, 96, 85, 117, 113, 102, 154, 149, 134, 134, 129, 112, 106, 102, 91, 125, 120, 104, 104, 100, 86, 83, 80, 70, 96, 92, 81, 110, 105, 93, 
83, 80, 70, 77, 74, 66, 83, 80, 70, 70, 67, 60, 84, 82, 76, 96, 93, 87, 105, 103, 96, 100, 96, 85, 114, 111, 104, 89, 86, 77, 80, 78, 73, 121, 118, 110, 155, 151, 139, 170, 166, 153, 200, 195, 184, 170, 166, 153, 160, 155, 140, 170, 166, 153, 183, 179, 167, 150, 145, 130, 124, 121, 113, 117, 113, 102, 124, 121, 113, 114, 110, 99, 110, 105, 93, 138, 133, 119, 145, 139, 124, 122, 117, 103, 113, 108, 93, 113, 108, 93, 89, 86, 77, 88, 84, 72, 
83, 80, 70, 100, 96, 85, 126, 121, 108, 114, 110, 99, 80, 78, 73, 89, 86, 77, 63, 61, 55, 63, 61, 55, 109, 106, 98, 129, 126, 116, 80, 78, 73, 117, 114, 107, 145, 141, 131, 163, 159, 148, 183, 179, 167, 183, 179, 167, 183, 179, 167, 158, 154, 144, 158, 154, 144, 155, 151, 139, 160, 155, 140, 145, 139, 124, 141, 138, 129, 124, 121, 113, 170, 166, 153, 141, 137, 124, 134, 129, 112, 138, 133, 119, 113, 108, 93, 104, 100, 86, 70, 67, 60, 77, 74, 66, 
118, 113, 97, 106, 102, 91, 114, 110, 99, 132, 129, 118, 109, 106, 98, 96, 93, 87, 111, 109, 102, 92, 89, 79, 77, 74, 66, 124, 121, 113, 121, 118, 110, 124, 121, 113, 114, 111, 104, 102, 99, 93, 138, 133, 119, 160, 155, 140, 160, 155, 140, 150, 145, 130, 160, 155, 140, 170, 166, 153, 150, 145, 130, 126, 121, 108, 141, 137, 124, 129, 126, 116, 170, 166, 153, 170, 166, 153, 126, 121, 108, 110, 105, 93, 117, 113, 102, 88, 84, 72, 92, 89, 79, 106, 102, 91, 
116, 159, 193, 99, 142, 179, 97, 135, 172, 94, 121, 162, 92, 124, 165, 92, 124, 165, 92, 124, 165, 97, 135, 172, 103, 147, 183, 92, 117, 158, 92, 117, 158, 105, 151, 187, 108, 155, 188, 116, 159, 193, 97, 135, 172, 94, 121, 162, 92, 117, 158, 92, 117, 158, 120, 173, 204, 108, 155, 188, 92, 117, 158, 97, 135, 172, 108, 155, 188, 123, 186, 213, 123, 186, 213, 108, 155, 188, 94, 121, 162, 97, 135, 172, 90, 129, 168, 108, 155, 188, 123, 186, 213, 114, 166, 197, 
96, 139, 177, 96, 139, 177, 92, 131, 173, 86, 121, 165, 81, 110, 155, 86, 119, 161, 81, 110, 155, 86, 126, 166, 86, 121, 165, 94, 121, 162, 97, 135, 172, 86, 119, 161, 79, 107, 152, 81, 110, 155, 86, 130, 170, 81, 115, 157, 77, 105, 149, 92, 131, 173, 114, 166, 197, 104, 158, 194, 90, 129, 168, 81, 118, 161, 81, 115, 157, 93, 142, 182, 103, 162, 198, 101, 154, 191, 90, 129, 168, 83, 128, 172, 86, 130, 170, 97, 144, 183, 127, 179, 209, 108, 155, 188, 
86, 121, 165, 90, 134, 176, 81, 110, 160, 81, 110, 160, 79, 107, 152, 79, 107, 152, 79, 107, 152, 114, 166, 197, 86, 126, 166, 97, 144, 183, 108, 155, 188, 99, 149, 187, 108, 155, 188, 97, 135, 172, 86, 130, 170, 81, 115, 157, 77, 105, 149, 92, 137, 174, 114, 166, 197, 120, 173, 204, 108, 155, 188, 84, 126, 165, 86, 130, 170, 97, 144, 183, 89, 137, 177, 79, 116, 163, 82, 122, 164, 92, 137, 174, 89, 134, 173, 80, 120, 166, 97, 144, 183, 97, 135, 172, 
92, 131, 173, 77, 110, 154, 81, 118, 161, 79, 114, 157, 81, 110, 155, 81, 110, 155, 81, 110, 160, 123, 186, 213, 109, 164, 197, 79, 114, 157, 81, 118, 161, 89, 134, 173, 104, 158, 194, 114, 166, 197, 90, 129, 168, 81, 115, 157, 84, 126, 165, 92, 141, 178, 92, 141, 178, 93, 142, 182, 109, 164, 197, 109, 164, 197, 93, 142, 182, 86, 131, 175, 93, 146, 186, 81, 118, 161, 75, 104, 152, 81, 110, 155, 105, 151, 187, 114, 166, 197, 89, 134, 173, 90, 129, 168, 
97, 135, 172, 79, 114, 157, 82, 122, 164, 81, 118, 161, 89, 126, 170, 79, 114, 157, 92, 131, 173, 137, 197, 223, 114, 166, 197, 84, 126, 165, 76, 108, 153, 74, 101, 147, 76, 108, 153, 90, 134, 176, 86, 119, 161, 81, 115, 157, 96, 139, 177, 90, 134, 176, 82, 124, 170, 82, 124, 166, 93, 138, 181, 93, 138, 181, 81, 118, 161, 81, 118, 161, 92, 131, 173, 81, 118, 161, 74, 101, 147, 81, 115, 157, 89, 134, 173, 105, 151, 187, 105, 151, 187, 108, 155, 188, 
92, 124, 165, 74, 101, 147, 76, 108, 153, 79, 114, 157, 79, 107, 152, 95, 143, 179, 109, 164, 197, 120, 173, 204, 84, 126, 165, 81, 118, 161, 74, 101, 147, 74, 100, 144, 76, 108, 153, 82, 124, 170, 89, 134, 173, 92, 137, 174, 90, 129, 168, 81, 115, 157, 84, 126, 165, 81, 118, 161, 92, 137, 174, 90, 129, 168, 79, 107, 152, 81, 115, 157, 86, 126, 166, 76, 108, 153, 74, 100, 144, 86, 119, 161, 86, 126, 166, 95, 143, 179, 123, 186, 213, 99, 142, 179, 
114, 166, 197, 103, 147, 183, 103, 147, 183, 81, 118, 161, 96, 139, 177, 120, 173, 204, 86, 126, 166, 92, 137, 174, 93, 146, 186, 92, 141, 178, 89, 134, 173, 79, 114, 157, 75, 110, 157, 82, 122, 164, 89, 134, 173, 89, 134, 173, 81, 110, 155, 81, 115, 157, 82, 122, 164, 79, 114, 157, 95, 143, 179, 86, 121, 165, 77, 105, 149, 81, 115, 157, 81, 118, 161, 74, 100, 144, 74, 100, 144, 77, 110, 154, 109, 164, 197, 109, 164, 197, 97, 144, 183, 127, 179, 209, 
108, 155, 188, 105, 151, 187, 116, 178, 211, 120, 173, 204, 101, 154, 191, 82, 122, 164, 73, 99, 150, 76, 108, 153, 82, 122, 164, 81, 118, 161, 80, 120, 166, 77, 113, 161, 76, 108, 153, 84, 126, 165, 90, 129, 168, 86, 119, 161, 81, 110, 155, 81, 115, 157, 92, 137, 174, 90, 129, 168, 96, 139, 177, 81, 115, 157, 77, 105, 149, 81, 118, 161, 89, 137, 177, 79, 114, 157, 74, 100, 144, 90, 129, 168, 123, 186, 213, 90, 129, 168, 75, 104, 152, 105, 151, 187, 
92, 117, 158, 75, 110, 157, 83, 128, 172, 116, 178, 211, 95, 143, 179, 74, 101, 147, 79, 114, 157, 79, 114, 157, 86, 119, 161, 76, 108, 153, 79, 114, 157, 92, 137, 174, 97, 135, 172, 105, 151, 187, 86, 121, 165, 77, 105, 149, 81, 115, 157, 99, 149, 187, 92, 141, 178, 95, 143, 179, 86, 119, 161, 79, 107, 152, 81, 115, 157, 92, 141, 178, 93, 142, 182, 84, 126, 165, 77, 110, 154, 109, 164, 197, 123, 186, 213, 86, 119, 161, 79, 114, 157, 94, 121, 162, 
90, 129, 168, 76, 108, 153, 76, 108, 153, 83, 128, 172, 86, 131, 175, 75, 104, 152, 77, 110, 154, 82, 122, 164, 97, 144, 183, 84, 126, 165, 81, 118, 161, 79, 114, 157, 89, 137, 177, 109, 164, 197, 99, 149, 187, 81, 115, 157, 96, 139, 177, 99, 149, 187, 82, 122, 164, 104, 158, 194, 97, 135, 172, 74, 101, 147, 92, 137, 174, 104, 158, 194, 86, 130, 170, 86, 130, 170, 101, 154, 191, 104, 158, 194, 92, 141, 178, 82, 122, 164, 79, 114, 157, 90, 129, 168, 
97, 135, 172, 77, 110, 154, 75, 104, 152, 80, 120, 166, 108, 155, 188, 81, 118, 161, 81, 115, 157, 81, 115, 157, 92, 141, 178, 104, 158, 194, 84, 126, 165, 73, 99, 150, 79, 114, 157, 99, 149, 187, 90, 129, 168, 97, 144, 183, 103, 162, 198, 84, 126, 165, 81, 115, 157, 92, 137, 174, 103, 147, 183, 97, 144, 183, 101, 154, 191, 81, 115, 157, 81, 115, 157, 99, 149, 187, 109, 164, 197, 84, 126, 165, 79, 114, 157, 86, 130, 170, 101, 154, 191, 97, 135, 172, 
97, 135, 172, 82, 122, 164, 77, 110, 154, 86, 130, 170, 104, 158, 194, 101, 154, 191, 81, 115, 157, 90, 129, 168, 92, 137, 174, 92, 137, 174, 89, 134, 173, 75, 104, 152, 96, 139, 177, 101, 154, 191, 76, 108, 153, 92, 131, 173, 97, 144, 183, 92, 141, 178, 82, 122, 164, 81, 110, 155, 86, 119, 161, 101, 154, 191, 104, 158, 194, 92, 137, 174, 79, 114, 157, 81, 118, 161, 89, 134, 173, 82, 124, 166, 86, 130, 170, 99, 149, 187, 137, 197, 223, 120, 173, 204, 
97, 135, 172, 76, 108, 153, 77, 105, 149, 75, 104, 152, 74, 101, 147, 101, 154, 191, 127, 179, 209, 120, 173, 204, 79, 114, 157, 76, 108, 153, 82, 124, 166, 82, 124, 166, 103, 162, 198, 109, 164, 197, 92, 137, 174, 86, 121, 165, 82, 122, 164, 82, 122, 164, 86, 126, 166, 86, 121, 165, 82, 122, 164, 86, 126, 166, 81, 118, 161, 89, 134, 173, 92, 141, 178, 92, 137, 174, 101, 154, 191, 109, 164, 197, 120, 173, 204, 86, 130, 170, 92, 141, 178, 116, 159, 193, 
96, 139, 177, 79, 114, 157, 79, 107, 152, 77, 105, 149, 86, 126, 166, 99, 149, 187, 92, 141, 178, 92, 141, 178, 79, 114, 157, 79, 114, 157, 77, 110, 154, 83, 128, 172, 82, 124, 166, 99, 142, 179, 89, 137, 177, 81, 118, 161, 86, 126, 166, 81, 118, 161, 82, 122, 164, 92, 137, 174, 86, 126, 166, 79, 107, 152, 77, 105, 149, 79, 114, 157, 89, 137, 177, 103, 162, 198, 95, 143, 179, 109, 164, 197, 127, 179, 209, 108, 155, 188, 86, 130, 170, 120, 173, 204, 
103, 147, 183, 79, 114, 157, 79, 114, 157, 79, 114, 157, 95, 143, 179, 127, 179, 209, 103, 162, 198, 89, 137, 177, 74, 101, 147, 76, 108, 153, 79, 116, 163, 82, 124, 170, 82, 122, 164, 82, 122, 164, 82, 124, 166, 86, 130, 170, 92, 137, 174, 92, 141, 178, 84, 126, 165, 77, 110, 154, 86, 126, 166, 89, 137, 177, 86, 126, 166, 86, 126, 166, 96, 139, 177, 97, 135, 172, 90, 129, 168, 77, 110, 154, 97, 144, 183, 104, 158, 194, 86, 121, 165, 103, 147, 183, 
105, 151, 187, 81, 118, 161, 79, 114, 157, 90, 134, 176, 86, 119, 161, 90, 134, 176, 90, 129, 168, 93, 142, 182, 86, 130, 170, 82, 122, 164, 79, 114, 157, 90, 129, 168, 104, 158, 194, 89, 134, 173, 76, 108, 153, 86, 119, 161, 95, 143, 179, 101, 154, 191, 86, 130, 170, 79, 114, 157, 86, 126, 166, 95, 143, 179, 89, 134, 173, 114, 166, 197, 90, 129, 168, 81, 110, 155, 92, 131, 173, 86, 130, 170, 82, 124, 166, 86, 130, 170, 101, 154, 191, 97, 144, 183, 
104, 158, 194, 86, 131, 175, 80, 120, 166, 79, 116, 163, 77, 113, 161, 77, 113, 161, 77, 113, 161, 80, 120, 166, 90, 140, 182, 81, 110, 160, 76, 108, 153, 86, 126, 166, 86, 121, 165, 109, 164, 197, 116, 159, 193, 108, 155, 188, 79, 114, 157, 77, 110, 154, 92, 137, 174, 86, 130, 170, 92, 131, 173, 89, 137, 177, 93, 146, 186, 116, 178, 211, 116, 178, 211, 104, 158, 194, 81, 115, 157, 83, 128, 172, 79, 116, 163, 90, 140, 182, 108, 170, 205, 101, 154, 191, 
101, 154, 191, 79, 116, 163, 82, 124, 170, 73, 99, 150, 80, 120, 166, 77, 113, 161, 82, 124, 170, 93, 151, 190, 89, 137, 177, 77, 101, 156, 77, 107, 156, 77, 113, 161, 81, 118, 161, 93, 142, 182, 101, 154, 191, 93, 142, 182, 79, 114, 157, 79, 114, 157, 97, 144, 183, 104, 158, 194, 89, 137, 177, 89, 126, 170, 79, 116, 163, 80, 120, 166, 93, 146, 186, 103, 162, 198, 86, 131, 175, 86, 131, 175, 86, 139, 183, 87, 138, 181, 75, 106, 158, 89, 126, 170, 
105, 151, 187, 82, 124, 166, 87, 138, 181, 79, 116, 163, 75, 110, 157, 77, 113, 161, 91, 143, 185, 103, 162, 198, 83, 128, 172, 78, 110, 159, 75, 110, 157, 75, 110, 157, 92, 131, 173, 96, 139, 177, 86, 130, 170, 80, 120, 166, 75, 110, 157, 86, 131, 175, 108, 170, 205, 87, 138, 181, 80, 120, 166, 74, 101, 147, 74, 100, 144, 77, 107, 156, 79, 116, 163, 86, 135, 179, 83, 128, 172, 86, 135, 179, 103, 162, 198, 77, 113, 161, 75, 106, 158, 86, 119, 161, 
92, 131, 173, 79, 114, 157, 82, 122, 164, 86, 130, 170, 83, 128, 172, 82, 124, 166, 101, 154, 191, 82, 124, 170, 75, 106, 158, 77, 113, 161, 77, 113, 161, 79, 116, 163, 89, 126, 170, 89, 126, 170, 83, 119, 168, 83, 119, 168, 93, 138, 181, 99, 149, 187, 101, 154, 191, 93, 142, 182, 90, 140, 182, 89, 126, 170, 81, 110, 160, 81, 115, 157, 86, 131, 175, 83, 128, 172, 75, 110, 157, 83, 119, 168, 103, 162, 198, 77, 107, 156, 82, 124, 166, 105, 151, 187, 
92, 117, 158, 77, 110, 154, 76, 108, 153, 75, 110, 157, 93, 146, 186, 108, 170, 205, 125, 195, 223, 90, 134, 176, 77, 101, 156, 75, 106, 158, 82, 124, 170, 109, 164, 197, 101, 154, 191, 93, 138, 181, 82, 124, 170, 83, 119, 168, 83, 119, 168, 77, 101, 156, 77, 113, 161, 86, 135, 179, 86, 135, 179, 89, 137, 177, 86, 130, 170, 79, 114, 157, 86, 130, 170, 78, 110, 159, 74, 100, 144, 75, 104, 152, 103, 162, 198, 101, 154, 191, 89, 137, 177, 97, 144, 183, 
90, 129, 168, 77, 107, 156, 80, 120, 166, 82, 122, 164, 82, 124, 170, 79, 116, 163, 93, 138, 181, 108, 170, 205, 86, 131, 175, 77, 113, 161, 78, 110, 159, 83, 119, 168, 82, 124, 170, 86, 135, 179, 90, 134, 176, 78, 110, 159, 78, 110, 159, 75, 106, 158, 78, 110, 159, 79, 116, 163, 79, 116, 163, 79, 116, 163, 83, 128, 172, 77, 110, 154, 90, 134, 176, 77, 113, 161, 73, 99, 150, 77, 101, 156, 101, 154, 191, 125, 195, 223, 95, 143, 179, 99, 142, 179, 
103, 147, 183, 90, 134, 176, 90, 140, 182, 103, 162, 198, 82, 124, 170, 80, 120, 166, 82, 124, 170, 86, 135, 179, 86, 131, 175, 75, 106, 158, 77, 101, 156, 77, 101, 156, 90, 134, 176, 97, 144, 183, 83, 128, 172, 78, 110, 159, 83, 119, 168, 82, 124, 170, 79, 116, 163, 86, 131, 175, 79, 116, 163, 75, 110, 157, 86, 131, 175, 99, 149, 187, 108, 170, 205, 86, 131, 175, 78, 110, 159, 80, 120, 166, 83, 128, 172, 97, 144, 183, 101, 154, 191, 105, 151, 187, 
86, 121, 165, 103, 162, 198, 101, 154, 191, 86, 139, 183, 80, 120, 166, 90, 140, 182, 90, 134, 176, 80, 120, 166, 83, 128, 172, 77, 107, 156, 81, 110, 160, 89, 126, 170, 99, 149, 187, 93, 142, 182, 81, 110, 160, 81, 110, 160, 81, 110, 160, 83, 119, 168, 83, 128, 172, 93, 146, 186, 93, 151, 190, 87, 138, 181, 76, 108, 153, 79, 107, 152, 103, 162, 198, 93, 142, 182, 101, 154, 191, 116, 178, 211, 92, 141, 178, 90, 134, 176, 103, 162, 198, 92, 131, 173, 
93, 138, 181, 91, 143, 185, 108, 170, 205, 90, 134, 176, 82, 124, 170, 93, 146, 186, 86, 131, 175, 83, 119, 168, 81, 110, 160, 81, 110, 160, 81, 110, 160, 93, 138, 181, 79, 116, 163, 93, 138, 181, 83, 119, 168, 77, 107, 156, 81, 110, 160, 89, 126, 170, 79, 116, 163, 90, 140, 182, 103, 162, 198, 90, 140, 182, 73, 99, 150, 79, 107, 152, 104, 158, 194, 79, 114, 157, 79, 116, 163, 103, 162, 198, 91, 143, 185, 80, 120, 166, 101, 154, 191, 99, 149, 187, 
99, 149, 187, 86, 131, 175, 93, 146, 186, 82, 124, 170, 77, 113, 161, 86, 131, 175, 78, 110, 159, 75, 106, 158, 73, 99, 150, 77, 101, 156, 79, 116, 163, 108, 170, 205, 86, 131, 175, 86, 131, 175, 86, 131, 175, 79, 116, 163, 92, 131, 173, 116, 178, 211, 108, 170, 205, 86, 131, 175, 75, 106, 158, 86, 131, 175, 80, 120, 166, 101, 154, 191, 108, 170, 205, 83, 128, 172, 87, 138, 181, 93, 151, 190, 87, 138, 181, 80, 120, 166, 79, 116, 163, 97, 144, 183, 
114, 166, 197, 108, 170, 205, 86, 131, 175, 82, 124, 170, 82, 124, 170, 77, 113, 161, 80, 120, 166, 78, 110, 159, 75, 106, 158, 75, 104, 152, 83, 119, 168, 125, 195, 223, 108, 170, 205, 80, 120, 166, 80, 120, 166, 80, 120, 166, 90, 140, 182, 125, 195, 223, 108, 170, 205, 80, 120, 166, 77, 113, 161, 77, 110, 154, 80, 120, 166, 91, 143, 185, 103, 162, 198, 103, 162, 198, 86, 139, 183, 83, 128, 172, 93, 151, 190, 80, 120, 166, 77, 107, 156, 92, 124, 165, 
97, 135, 172, 101, 154, 191, 103, 162, 198, 99, 149, 187, 83, 128, 172, 77, 113, 161, 80, 120, 166, 80, 120, 166, 82, 124, 170, 77, 113, 161, 93, 138, 181, 125, 195, 223, 101, 154, 191, 80, 120, 166, 77, 107, 156, 90, 134, 176, 93, 142, 182, 86, 139, 183, 83, 128, 172, 77, 107, 156, 77, 107, 156, 79, 116, 163, 83, 128, 172, 80, 120, 166, 93, 138, 181, 86, 131, 175, 80, 120, 166, 80, 120, 166, 86, 131, 175, 79, 116, 163, 75, 104, 152, 92, 131, 173, 
96, 139, 177, 101, 154, 191, 123, 186, 213, 86, 135, 179, 79, 116, 163, 77, 107, 156, 78, 110, 159, 77, 113, 161, 78, 110, 159, 104, 158, 194, 108, 170, 205, 108, 170, 205, 86, 130, 170, 82, 124, 170, 86, 135, 179, 90, 140, 182, 90, 140, 182, 83, 128, 172, 93, 146, 186, 82, 124, 170, 75, 104, 152, 83, 128, 172, 83, 128, 172, 80, 120, 166, 91, 143, 185, 86, 131, 175, 79, 116, 163, 80, 120, 166, 82, 124, 170, 75, 104, 152, 76, 108, 153, 92, 131, 173, 
123, 186, 213, 103, 162, 198, 86, 135, 179, 108, 170, 205, 108, 170, 205, 104, 158, 194, 104, 158, 194, 83, 128, 172, 101, 154, 191, 108, 170, 205, 79, 116, 163, 86, 131, 175, 93, 146, 186, 87, 138, 181, 86, 139, 183, 82, 124, 170, 79, 116, 163, 83, 128, 172, 116, 178, 211, 97, 144, 183, 80, 120, 166, 80, 120, 166, 80, 120, 166, 82, 124, 170, 93, 151, 190, 83, 119, 168, 77, 107, 156, 82, 124, 170, 80, 120, 166, 75, 104, 152, 77, 107, 156, 89, 126, 170, 
125, 195, 223, 80, 120, 166, 77, 107, 156, 91, 143, 185, 91, 143, 185, 93, 151, 190, 116, 178, 211, 116, 178, 211, 108, 170, 205, 91, 143, 185, 75, 106, 158, 79, 116, 163, 82, 124, 166, 80, 120, 166, 86, 139, 183, 93, 151, 190, 82, 124, 170, 86, 135, 179, 93, 146, 186, 87, 138, 181, 86, 135, 179, 86, 135, 179, 83, 128, 172, 86, 131, 175, 91, 143, 185, 78, 110, 159, 79, 116, 163, 83, 128, 172, 91, 143, 185, 80, 120, 166, 75, 106, 158, 99, 149, 187, 
114, 166, 197, 89, 126, 170, 86, 121, 165, 97, 144, 183, 86, 119, 161, 92, 131, 173, 92, 131, 173, 108, 170, 205, 104, 158, 194, 93, 138, 181, 89, 126, 170, 92, 131, 173, 96, 139, 177, 94, 121, 162, 97, 144, 183, 104, 158, 194, 99, 149, 187, 97, 144, 183, 116, 178, 211, 120, 173, 204, 96, 139, 177, 101, 154, 191, 101, 154, 191, 120, 173, 204, 99, 142, 179, 92, 124, 165, 103, 147, 183, 97, 144, 183, 97, 144, 183, 99, 142, 179, 104, 158, 194, 120, 173, 204
};

